1 4.013084888458252
2 3.0893266201019287
3 2.9374783039093018
4 1.673184871673584
5 1.6126054525375366
6 1.3230435848236084
7 1.6717203855514526
8 1.5687974691390991
9 1.621955394744873
10 1.4543187618255615
11 1.2526583671569824
12 1.2901320457458496
13 1.5748090744018555
14 1.5678634643554688
15 1.3090381622314453
16 1.4635564088821411
17 1.5828545093536377
18 1.4706330299377441
19 1.4188029766082764
20 1.4112309217453003
21 1.6888412237167358
22 1.4796099662780762
23 1.2053027153015137
24 1.580917477607727
25 1.8965094089508057
26 1.5713489055633545
27 1.7199691534042358
28 1.2449575662612915
29 1.0248889923095703
30 0.9099060893058777
31 0.8466165661811829
32 0.9468088746070862
33 1.0740259885787964
34 1.2238925695419312
35 1.5804369449615479
36 1.6467050313949585
37 1.3082524538040161
38 1.2269446849822998
39 1.067941665649414
40 1.0832160711288452
41 0.9837190508842468
42 0.9657276272773743
43 1.0606443881988525
44 1.3360779285430908
45 1.3336899280548096
46 1.2199159860610962
47 1.403067946434021
48 1.612573266029358
49 1.7292792797088623
50 1.7532249689102173
51 2.0323848724365234
52 1.7835391759872437
53 1.943365216255188
54 1.5342463254928589
55 1.5010900497436523
56 1.6471985578536987
57 1.4974116086959839
58 1.2497113943099976
59 1.4226417541503906
60 1.4796305894851685
61 1.3212697505950928
62 1.1322067975997925
63 1.370504379272461
64 1.6083563566207886
65 1.7271728515625
66 1.5402945280075073
67 2.0775632858276367
68 2.402294635772705
69 1.9993261098861694
70 2.0138583183288574
71 2.3876118659973145
72 2.039843797683716
73 1.9350260496139526
74 1.6154258251190186
75 1.283915638923645
76 1.4446659088134766
77 1.5661489963531494
78 1.3930052518844604
79 1.3219441175460815
80 1.5981330871582031
81 1.6729587316513062
82 1.5548523664474487
83 1.7247486114501953
84 2.026005506515503
85 1.925803303718567
86 1.8795722723007202
87 1.6140775680541992
88 1.3513447046279907
89 1.351215124130249
90 1.1359319686889648
91 1.0462783575057983
92 1.0179495811462402
93 1.0855759382247925
94 1.2558611631393433
95 1.587883472442627
96 1.8599295616149902
97 2.283503532409668
98 2.6368560791015625
99 2.922913074493408
100 2.6431031227111816
101 2.5623514652252197
102 2.217251777648926
103 1.8250908851623535
104 1.5398929119110107
105 1.2362310886383057
106 1.067995548248291
107 0.9171537160873413
108 0.9287229180335999
109 0.9623284935951233
110 1.1598566770553589
111 1.2756059169769287
112 1.386335015296936
113 1.988786220550537
114 2.042736291885376
115 1.6326919794082642
116 1.7368625402450562
117 1.274861454963684
118 1.1794179677963257
119 0.9864457249641418
120 0.8399844169616699
121 0.9115907549858093
122 1.0251702070236206
123 1.252627968788147
124 1.4467471837997437
125 1.5344511270523071
