1 3.2093186378479004
2 2.4347312450408936
3 1.8343855142593384
4 1.5605493783950806
5 1.5568076372146606
6 1.4336000680923462
7 1.6706092357635498
8 1.5219213962554932
9 1.5889736413955688
10 1.4614065885543823
11 1.0169777870178223
12 1.045975923538208
13 1.4603344202041626
14 1.4553186893463135
15 1.404909372329712
16 1.6828480958938599
17 2.0946402549743652
18 1.9700735807418823
19 2.0453615188598633
20 1.6385451555252075
21 2.1459414958953857
22 2.162008762359619
23 1.5792330503463745
24 1.9127134084701538
25 2.28519606590271
26 1.79953134059906
27 1.977304220199585
28 1.5988911390304565
29 1.4480596780776978
30 1.1880161762237549
31 1.1658941507339478
32 1.0418753623962402
33 1.158655047416687
34 1.3677949905395508
35 1.4672032594680786
36 1.6156266927719116
37 1.5677932500839233
38 1.5139943361282349
39 1.481728434562683
40 1.3252427577972412
41 1.3944106101989746
42 1.5295766592025757
43 1.5265663862228394
44 1.8715838193893433
45 1.599928379058838
46 1.9621052742004395
47 1.8038002252578735
48 2.290785789489746
49 2.169528007507324
50 1.9436572790145874
51 2.381040096282959
52 2.3364076614379883
53 2.389150381088257
54 2.1874403953552246
55 1.7743242979049683
56 1.9725685119628906
57 1.9213175773620605
58 1.8485382795333862
59 1.9349662065505981
60 1.9336053133010864
61 1.8107768297195435
62 1.5150586366653442
63 1.6698331832885742
64 2.0027735233306885
65 2.1754307746887207
66 1.857362985610962
67 1.8599854707717896
68 1.8211497068405151
69 1.415743350982666
70 1.3236310482025146
71 1.4069762229919434
72 1.3126094341278076
73 1.5035325288772583
74 1.691413402557373
75 1.415985107421875
76 1.4187029600143433
77 1.4530137777328491
78 1.2992256879806519
79 1.3350285291671753
80 1.528260350227356
81 1.546622395515442
82 1.5270262956619263
83 1.5344544649124146
84 1.6684714555740356
85 1.6630396842956543
86 1.6485551595687866
87 1.747763991355896
88 1.1063430309295654
89 0.9719817638397217
90 1.144508957862854
91 1.2408217191696167
92 1.3655338287353516
93 1.5610448122024536
94 1.761064887046814
95 2.012299060821533
96 2.193603992462158
97 2.6058883666992188
98 2.9040441513061523
99 3.052682638168335
100 2.7940404415130615
101 2.739164113998413
102 2.428933620452881
103 2.217510461807251
104 1.8236163854599
105 1.6493691205978394
106 1.4023319482803345
107 1.2865430116653442
108 1.1099298000335693
109 1.0437313318252563
110 0.9707427024841309
111 0.9670084714889526
112 0.9863985180854797
113 1.1730079650878906
114 1.5534875392913818
115 1.8458138704299927
116 1.4779876470565796
117 1.1005765199661255
118 0.9351503849029541
119 0.8839606046676636
120 1.0561017990112305
121 1.1556460857391357
122 1.4099987745285034
123 1.537136435508728
124 1.7037628889083862
125 1.7366464138031006
