1 1.631964921951294
2 1.3768937587738037
3 1.6223726272583008
4 1.5028759241104126
5 1.711896538734436
6 1.536258578300476
7 1.8760244846343994
8 1.8592721223831177
9 1.8079466819763184
10 1.8842872381210327
11 1.5548958778381348
12 1.5241349935531616
13 1.645646333694458
14 1.777040719985962
15 1.6889156103134155
16 1.7525949478149414
17 2.050771474838257
18 1.9319850206375122
19 2.2398016452789307
20 2.360445261001587
21 2.2305517196655273
22 1.7251602411270142
23 1.4658766984939575
24 1.473323941230774
25 1.3137717247009277
26 1.1585350036621094
27 1.334015965461731
28 1.2708600759506226
29 1.4926129579544067
30 1.563448429107666
31 1.5770100355148315
32 1.6295571327209473
33 1.8075793981552124
34 2.016343832015991
35 2.2263853549957275
36 2.37827205657959
37 2.044523000717163
38 2.0152199268341064
39 1.842183232307434
40 1.8030959367752075
41 1.5744576454162598
42 1.5473676919937134
43 1.4676469564437866
44 1.5318083763122559
45 1.4937824010849
46 1.5701322555541992
47 1.8377678394317627
48 2.1140007972717285
49 2.252776861190796
50 2.302253246307373
51 2.4422993659973145
52 2.3432435989379883
53 2.1247620582580566
54 1.947259545326233
55 2.094195604324341
56 2.280967950820923
57 2.0781233310699463
58 2.073463201522827
59 2.2156007289886475
60 2.1584720611572266
61 2.1147613525390625
62 1.9737070798873901
63 2.0176279544830322
64 2.2070083618164063
65 2.379645824432373
66 2.134251832962036
67 1.7972955703735352
68 1.670408010482788
69 1.7234547138214111
70 1.6972386837005615
71 1.8860405683517456
72 1.73098623752594
73 1.7931897640228271
74 1.6686466932296753
75 1.3958112001419067
76 1.709652066230774
77 1.76890230178833
78 1.535247564315796
79 1.655887246131897
80 1.818174123764038
81 1.8003369569778442
82 1.926536202430725
83 1.9008097648620605
84 1.86635422706604
85 1.9436284303665161
86 1.7614691257476807
87 2.035656452178955
88 1.5201624631881714
89 1.5370339155197144
90 1.5508716106414795
91 1.4366066455841064
92 1.480332612991333
93 1.6148990392684937
94 1.5832793712615967
95 1.6271336078643799
96 1.5594170093536377
97 1.6227881908416748
98 1.785273551940918
99 2.1547534465789795
100 1.9266979694366455
101 2.1299829483032227
102 1.9320902824401855
103 1.8266171216964722
104 1.8120667934417725
105 1.636836290359497
106 1.562785267829895
107 1.4223405122756958
108 1.4075545072555542
109 1.3808807134628296
110 1.5047929286956787
111 1.7260475158691406
112 2.169297695159912
113 2.8069846630096436
114 3.2639658451080322
115 2.98749041557312
116 2.705143928527832
117 2.1018197536468506
118 1.632560133934021
119 1.5382879972457886
120 1.479020118713379
121 1.4352762699127197
122 1.455688238143921
123 1.5489434003829956
124 1.8540188074111938
125 2.1343300342559814
