1 4.549505233764648
2 2.9480783939361572
3 2.109783172607422
4 1.4880361557006836
5 1.3944182395935059
6 1.2193372249603271
7 1.4378420114517212
8 1.2732876539230347
9 1.3059178590774536
10 1.3906970024108887
11 1.2556824684143066
12 1.224550724029541
13 1.4432196617126465
14 1.581437110900879
15 1.5453100204467773
16 1.704270362854004
17 2.6147079467773438
18 2.6460928916931152
19 2.9129810333251953
20 2.828157901763916
21 2.7172586917877197
22 2.14534330368042
23 1.4970431327819824
24 1.9329618215560913
25 1.9740487337112427
26 1.3802026510238647
27 1.174034595489502
28 1.040229320526123
29 1.1879767179489136
30 1.3095868825912476
31 1.3703224658966064
32 1.3649325370788574
33 1.380091667175293
34 1.4742639064788818
35 1.5438863039016724
36 1.5302151441574097
37 1.5015196800231934
38 1.580117106437683
39 1.5778394937515259
40 1.5914517641067505
41 1.5713841915130615
42 1.5567008256912231
43 1.5022884607315063
44 1.6457339525222778
45 1.3681550025939941
46 1.4131932258605957
47 1.4906299114227295
48 1.6193817853927612
49 1.6440321207046509
50 1.8160980939865112
51 2.0844292640686035
52 2.0254874229431152
53 2.2512173652648926
54 2.0722289085388184
55 2.228569507598877
56 2.3176252841949463
57 2.0684027671813965
58 1.9754979610443115
59 1.9118355512619019
60 1.8870913982391357
61 1.7161785364151
62 1.6311228275299072
63 1.6965969800949097
64 1.918776273727417
65 2.036097288131714
66 1.756807565689087
67 1.860344648361206
68 1.9747921228408813
69 1.9396069049835205
70 1.936622142791748
71 2.3567512035369873
72 2.4505128860473633
73 2.648285388946533
74 2.045910358428955
75 1.4842336177825928
76 1.6210721731185913
77 1.7626731395721436
78 1.4745482206344604
79 1.405096411705017
80 1.652498483657837
81 1.6646084785461426
82 1.384438157081604
83 1.4901193380355835
84 1.7788379192352295
85 1.7018834352493286
86 1.5150502920150757
87 1.3849339485168457
88 1.2359163761138916
89 1.228098750114441
90 1.309044599533081
91 1.2156600952148438
92 1.2036784887313843
93 1.2435047626495361
94 1.2572124004364014
95 1.3294519186019897
96 1.3289239406585693
97 1.4555262327194214
98 1.6646404266357422
99 1.8195372819900513
100 1.7382786273956299
101 1.7345256805419922
102 1.5244381427764893
103 1.4076848030090332
104 1.3970401287078857
105 1.2364139556884766
106 1.0976061820983887
107 1.0895965099334717
108 1.0751677751541138
109 1.0904109477996826
110 1.1008294820785522
111 1.1824908256530762
112 1.354948878288269
113 1.6475307941436768
114 1.9118976593017578
115 1.5361032485961914
116 1.5821455717086792
117 1.3899602890014648
118 1.2185187339782715
119 1.2272447347640991
120 1.1761868000030518
121 1.110947847366333
122 1.1148269176483154
123 1.1290688514709473
124 1.1903451681137085
125 1.4315129518508911
