 1 	 18.031659919023515
 1 	 0.6010553306341172
 1 	 0.020035177687803905
 1 	 0.0006678392562601301
 1 	 2.2261308542004336e-5
 1 	 7.420436180668112e-7
 1 	 2.4734787268893707e-8
 1 	 8.244929089631236e-10
 1 	 2.7483096965437453e-11
 1 	 9.161032321812484e-13
 1 	 3.0536774406041616e-14
 1 	 1.0178924802013871e-15
 1 	 3.392974934004624e-17
 1 	 1.130991644668208e-18
 1 	 3.7699721488940264e-20
 1 	 1.2566573829646754e-21
 1 	 4.1888579432155847e-23
 1 	 1.3962859810718616e-24
 1 	 4.654286603572872e-26
 2 	 16.451470598578453
 2 	 0.5483823532859484
 2 	 0.01827941177619828
 2 	 0.0006093137258732761
 2 	 2.0310457529109204e-5
 2 	 6.770152509703068e-7
 2 	 2.2567175032343562e-8
 2 	 7.522391677447854e-10
 2 	 2.507463892482618e-11
 2 	 8.35821297494206e-13
 2 	 2.7860709916473532e-14
 2 	 9.286903305491176e-16
 2 	 3.0956344351637256e-17
 2 	 1.0318781450545752e-18
 2 	 3.439593816848584e-20
 3 	 32.5423645555973
 3 	 1.0847454851865768
 3 	 0.036158182839552556
 3 	 0.0012052727613184185
 3 	 4.017575871061395e-5
 3 	 1.339191957020465e-6
 3 	 4.4639731900682166e-8
 3 	 1.4879910633560722e-9
 3 	 4.9599702111869074e-11
 3 	 1.6533234037289692e-12
 3 	 5.511078012429897e-14
 3 	 1.837026004143299e-15
 3 	 6.123420013810998e-17
 3 	 2.041140004603666e-18
 3 	 6.803800015345553e-20
 3 	 2.2679333384485177e-21
 3 	 7.559777794828392e-23
 3 	 2.519925931609464e-24
 4 	 9.255848368008932
 4 	 0.30852827893363105
 4 	 0.010284275964454368
 4 	 0.00034280919881514557
 4 	 1.1426973293838186e-5
 4 	 3.808991097946062e-7
 4 	 1.269663699315354e-8
 4 	 4.23221233105118e-10
 4 	 1.4107374436837267e-11
 4 	 4.702458145612422e-13
 4 	 1.5674860485374743e-14
 4 	 5.224953495124914e-16
 4 	 1.741651165041638e-17
 4 	 5.805503883472127e-19
 4 	 1.9351679611573757e-20
 4 	 6.4505598705245855e-22
 5 	 10.973277270793915
 5 	 0.36577590902646384
 5 	 0.012192530300882128
 5 	 0.00040641767669607093
 5 	 1.3547255889869032e-5
 5 	 4.515751963289677e-7
 5 	 1.5052506544298922e-8
 5 	 5.017502181432974e-10
 5 	 1.6725007271443247e-11
 5 	 5.575002423814415e-13
 6 	 14.338408748308817
 6 	 0.47794695827696054
 6 	 0.015931565275898684
 6 	 0.0005310521758632895
 6 	 1.7701739195442983e-5
 6 	 5.900579731814327e-7
 6 	 1.9668599106047758e-8
 6 	 6.556199702015919e-10
 6 	 2.185399900671973e-11
 6 	 7.284666335573243e-13
 6 	 2.4282221118577475e-14
 6 	 8.094073706192492e-16
 6 	 2.6980245687308307e-17
 6 	 8.993415229102768e-19
 6 	 2.9978050763675895e-20
 6 	 9.992683587891964e-22
 6 	 3.3308945292973216e-23
 6 	 1.1102981764324406e-24
 6 	 3.700993921441469e-26
 6 	 1.2336646404804895e-27
 7 	 10.87365170121193
 7 	 0.36245505670706435
 7 	 0.012081835223568812
 7 	 0.00040272784078562707
 7 	 1.3424261359520903e-5
 7 	 4.4747537865069674e-7
 7 	 1.4915845955023225e-8
 8 	 11.297707180678845
 8 	 0.37659023935596153
 8 	 0.01255300797853205
 8 	 0.0004184335992844017
 8 	 1.3947786642813389e-5
 8 	 4.6492622142711295e-7
 8 	 1.5497540714237097e-8
 8 	 5.165846904745698e-10
 8 	 1.721948968248566e-11
 8 	 5.739829894161887e-13
 8 	 1.9132766313872955e-14
 9 	 22.448214799165726
 9 	 0.7482738266388576
 9 	 0.02494246088796192
 9 	 0.0008314153629320639
 9 	 2.7713845431068798e-5
 9 	 9.237948477022932e-7
 9 	 3.079316159007644e-8
 9 	 1.0264387196692147e-9
 9 	 3.421462398897382e-11
 9 	 1.1404874662991273e-12
 9 	 3.801624887663758e-14
 9 	 1.2672082958879192e-15
 9 	 4.2240276529597305e-17
 9 	 1.4080092176532436e-18
 9 	 4.693364058844145e-20
 10 	 16.97993121147156
 10 	 0.565997707049052
 10 	 0.018866590234968398
 10 	 0.0006288863411656133
 10 	 2.0962878038853776e-5
 10 	 6.987626012951258e-7
 10 	 2.3292086709837527e-8
 10 	 7.764028903279175e-10
 10 	 2.5880096344263917e-11
 10 	 8.626698781421306e-13
 10 	 2.8755662604737684e-14
 10 	 9.585220868245894e-16
 11 	 18.7507086455822
 11 	 0.6250236215194067
 11 	 0.020834120717313557
 11 	 0.0006944706905771186
 11 	 2.3149023019237285e-5
 11 	 7.716341006412428e-7
 11 	 2.5721136688041425e-8
 11 	 8.573712229347141e-10
 11 	 2.8579040764490473e-11
 11 	 9.526346921496824e-13
 11 	 3.175448973832275e-14
 11 	 1.058482991277425e-15
 11 	 3.528276637591417e-17
 11 	 1.1760922125304723e-18
 11 	 3.920307375101574e-20
 11 	 1.306769125033858e-21
 11 	 4.355897083446194e-23
 11 	 1.4519656944820645e-24
 11 	 4.8398856482735484e-26
 12 	 16.96592040359974
 12 	 0.5655306801199913
 12 	 0.018851022670666375
 12 	 0.0006283674223555458
 12 	 2.0945580745184862e-5
 12 	 6.981860248394954e-7
 12 	 2.3272867494649847e-8
 12 	 7.757622498216615e-10
 12 	 2.585874166072205e-11
 12 	 8.619580553574017e-13
 12 	 2.873193517858006e-14
 12 	 9.577311726193354e-16
 12 	 3.192437242064451e-17
 12 	 1.064145747354817e-18
 12 	 3.5471524911827236e-20
 13 	 16.074176276723545
 13 	 0.5358058758907849
 13 	 0.017860195863026163
 13 	 0.0005953398621008721
 13 	 1.9844662070029068e-5
 13 	 6.614887356676357e-7
 13 	 2.204962452225452e-8
 13 	 7.349874840751507e-10
 13 	 2.4499582802505024e-11
 13 	 8.166527600835008e-13
 13 	 2.722175866945003e-14
 13 	 9.073919556483342e-16
 13 	 3.024639852161114e-17
 13 	 1.0082132840537048e-18
 14 	 10.638442504405976
 14 	 0.3546147501468659
 14 	 0.011820491671562195
 14 	 0.0003940163890520732
 14 	 1.3133879635069106e-5
 14 	 4.377959878356369e-7
 14 	 1.459319959452123e-8
 14 	 4.86439986484041e-10
 14 	 1.6214666216134698e-11
 14 	 5.404888738711566e-13
 14 	 1.801629579570522e-14
 14 	 6.00543193190174e-16
 14 	 2.0018106439672467e-17
 14 	 6.672702146557489e-19
 15 	 16.05803464949131
 15 	 0.5352678216497104
 15 	 0.017842260721657014
 15 	 0.0005947420240552338
 15 	 1.982473413517446e-5
 15 	 6.60824471172482e-7
 15 	 2.2027482372416065e-8
 15 	 7.342494124138688e-10
 15 	 2.4474980413795628e-11
 15 	 8.158326804598543e-13
 15 	 2.7194422681995144e-14
 15 	 9.064807560665048e-16
 15 	 3.021602520221683e-17
 15 	 1.0072008400738944e-18
 15 	 3.3573361335796476e-20
 15 	 1.1191120445265492e-21
 15 	 3.730373481755164e-23
 15 	 1.2434578272517212e-24
 15 	 4.144859424172404e-26
 16 	 9.094145849347115
 16 	 0.30313819497823713
 16 	 0.010104606499274572
 16 	 0.00033682021664248573
 16 	 1.1227340554749524e-5
 16 	 3.7424468515831744e-7
 16 	 1.2474822838610581e-8
 16 	 4.1582742795368604e-10
 16 	 1.3860914265122869e-11
 16 	 4.620304755040957e-13
 17 	 18.689929024378458
 17 	 0.6229976341459486
 17 	 0.020766587804864952
 17 	 0.0006922195934954984
 17 	 2.3073986449849947e-5
 17 	 7.691328816616649e-7
 17 	 2.5637762722055497e-8
 17 	 8.545920907351832e-10
 17 	 2.8486403024506106e-11
 17 	 9.495467674835369e-13
 17 	 3.1651558916117895e-14
 17 	 1.0550519638705964e-15
 17 	 3.5168398795686545e-17
 17 	 1.172279959856218e-18
 17 	 3.9075998661873934e-20
 17 	 1.3025332887291312e-21
 17 	 4.341777629097104e-23
 17 	 1.4472592096990346e-24
 17 	 4.824197365663449e-26
 17 	 1.608065788554483e-27
 17 	 5.36021929518161e-29
 17 	 1.7867397650605368e-30
 18 	 13.486662637193998
 18 	 0.4495554212397999
 18 	 0.01498518070799333
 18 	 0.0004995060235997777
 18 	 1.6650200786659256e-5
 18 	 5.550066928886419e-7
 18 	 1.8500223096288064e-8
 18 	 6.166741032096021e-10
 18 	 2.0555803440320068e-11
 18 	 6.851934480106689e-13
 18 	 2.283978160035563e-14
 18 	 7.613260533451877e-16
 18 	 2.5377535111506255e-17
 18 	 8.459178370502085e-19
 18 	 2.819726123500695e-20
 18 	 9.39908707833565e-22
 18 	 3.1330290261118834e-23
 19 	 14.810680529475212
 19 	 0.49368935098250705
 19 	 0.0164563116994169
 19 	 0.0005485437233138967
 19 	 1.828479077712989e-5
 19 	 6.094930259043297e-7
 19 	 2.031643419681099e-8
 19 	 6.77214473227033e-10
 19 	 2.2573815774234434e-11
 19 	 7.524605258078145e-13
 19 	 2.508201752692715e-14
 19 	 8.360672508975717e-16
 20 	 8.469472086429596
 20 	 0.2823157362143199
 20 	 0.00941052454047733
 20 	 0.00031368415134924434
 20 	 1.0456138378308145e-5
 20 	 3.4853794594360485e-7
 20 	 1.1617931531453495e-8
 20 	 3.8726438438178316e-10
 20 	 1.2908812812726104e-11
 20 	 4.3029376042420346e-13
 20 	 1.4343125347473448e-14
 20 	 4.781041782491149e-16
 21 	 6.453750177721182
 21 	 0.2151250059240394
 21 	 0.007170833530801313
 21 	 0.00023902778436004377
 21 	 7.967592812001458e-6
 21 	 2.6558642706671527e-7
 21 	 8.852880902223842e-9
 22 	 18.586189790566763
 22 	 0.6195396596855588
 22 	 0.020651321989518627
 22 	 0.0006883773996506209
 22 	 2.294591332168736e-5
 22 	 7.648637773895787e-7
 22 	 2.549545924631929e-8
 22 	 8.498486415439763e-10
 22 	 2.8328288051465877e-11
 22 	 9.442762683821958e-13
 22 	 3.147587561273986e-14
 22 	 1.0491958537579952e-15
 22 	 3.497319512526651e-17
 22 	 1.165773170842217e-18
 22 	 3.885910569474057e-20
 22 	 1.2953035231580188e-21
 22 	 4.3176784105267297e-23
 23 	 7.258046720425288
 23 	 0.24193489068084292
 23 	 0.008064496356028097
 23 	 0.00026881654520093654
 23 	 8.960551506697885e-6
 23 	 2.986850502232628e-7
 23 	 9.956168340775427e-9
 23 	 3.318722780258476e-10
 23 	 1.1062409267528253e-11
 23 	 3.687469755842751e-13
 23 	 1.2291565852809171e-14
 23 	 4.097188617603057e-16
 23 	 1.3657295392010189e-17
 23 	 4.55243179733673e-19
 23 	 1.5174772657789098e-20
 23 	 5.058257552596366e-22
 23 	 1.6860858508654553e-23
 23 	 5.620286169551518e-25
 23 	 1.8734287231838393e-26
 24 	 5.175651782751084
 24 	 0.1725217260917028
 24 	 0.00575072420305676
 24 	 0.00019169080676855867
 24 	 6.3896935589519555e-6
 24 	 2.1298978529839853e-7
 24 	 7.0996595099466174e-9
 24 	 2.3665531699822057e-10
 24 	 7.888510566607353e-12
 24 	 2.629503522202451e-13
 24 	 8.765011740674836e-15
 24 	 2.9216705802249454e-16
 25 	 3.362256182730198
 25 	 0.1120752060910066
 25 	 0.0037358402030335533
 25 	 0.00012452800676778511
 25 	 4.150933558926171e-6
 25 	 1.383644519642057e-7
 25 	 4.612148398806856e-9
 26 	 11.075126766661803
 26 	 0.3691708922220601
 26 	 0.012305696407402004
 26 	 0.00041018988024673345
 26 	 1.3672996008224448e-5
 26 	 4.557665336074816e-7
 26 	 1.5192217786916052e-8
 26 	 5.064072595638684e-10
 26 	 1.688024198546228e-11
 26 	 5.626747328487427e-13
 26 	 1.875582442829142e-14
 26 	 6.25194147609714e-16
 26 	 2.0839804920323802e-17
 26 	 6.946601640107934e-19
 26 	 2.315533880035978e-20
 26 	 7.718446266786593e-22
 26 	 2.5728154222621974e-23
 26 	 8.576051407540659e-25
 26 	 2.858683802513553e-26
 27 	 9.98091952999433
 27 	 0.33269731766647764
 27 	 0.011089910588882588
 27 	 0.00036966368629608626
 27 	 1.2322122876536208e-5
 27 	 4.107374292178736e-7
 27 	 1.3691247640595786e-8
 27 	 4.563749213531929e-10
 27 	 1.5212497378439762e-11
 27 	 5.070832459479921e-13
 28 	 10.081943740447363
 28 	 0.3360647913482454
 28 	 0.01120215971160818
 28 	 0.0003734053237202727
 28 	 1.2446844124009089e-5
 28 	 4.148948041336363e-7
 28 	 1.3829826804454544e-8
 28 	 4.6099422681515147e-10
 28 	 1.5366474227171715e-11
 28 	 5.122158075723905e-13
 28 	 1.7073860252413016e-14
 28 	 5.691286750804338e-16
 28 	 1.897095583601446e-17
 28 	 6.323651945338153e-19
 28 	 2.1078839817793844e-20
 28 	 7.026279939264614e-22
 28 	 2.3420933130882048e-23
 28 	 7.806977710294016e-25
 28 	 2.6023259034313384e-26
 28 	 8.67441967810446e-28
 29 	 2.4941788246234258
 29 	 0.0831392941541142
 29 	 0.0027713098051371397
 29 	 9.237699350457132e-5
 29 	 3.079233116819044e-6
 29 	 1.0264110389396813e-7
 29 	 3.4213701297989377e-9
 30 	 3.746760107576847
 30 	 0.1248920035858949
 30 	 0.004163066786196497
 30 	 0.00013876889287321655
 30 	 4.6256297624405516e-6
 30 	 1.5418765874801838e-7
 30 	 5.1395886249339455e-9
 30 	 1.713196208311315e-10
 30 	 5.710654027704384e-12
 30 	 1.9035513425681279e-13
 31 	 10.11579321846366
 31 	 0.337193107282122
 31 	 0.0112397702427374
 31 	 0.00037465900809124665
 31 	 1.2488633603041556e-5
 31 	 4.1628778676805183e-7
 31 	 1.3876259558935062e-8
 31 	 4.6254198529783536e-10
 31 	 1.5418066176594513e-11
 31 	 5.139355392198171e-13
 31 	 1.713118464066057e-14
 31 	 5.71039488022019e-16
 31 	 1.9034649600733968e-17
 31 	 6.344883200244656e-19
 31 	 2.1149610667482187e-20
 31 	 7.049870222494062e-22
 31 	 2.349956740831354e-23
 31 	 7.833189136104513e-25
 31 	 2.611063045368171e-26
 32 	 10.447326414783795
 32 	 0.3482442138261265
 32 	 0.011608140460870884
 32 	 0.00038693801536236283
 32 	 1.2897933845412095e-5
 32 	 4.2993112818040314e-7
 32 	 1.4331037606013437e-8
 32 	 4.777012535337812e-10
 32 	 1.5923375117792708e-11
 32 	 5.307791705930903e-13
 32 	 1.7692639019769678e-14
 32 	 5.897546339923226e-16
 32 	 1.9658487799744088e-17
 32 	 6.552829266581363e-19
 32 	 2.1842764221937877e-20
 32 	 7.280921407312626e-22
 32 	 2.426973802437542e-23
 33 	 6.678975580135981
 33 	 0.22263251933786604
 33 	 0.007421083977928868
 33 	 0.00024736946593096227
 33 	 8.245648864365409e-6
 33 	 2.7485496214551365e-7
 33 	 9.161832071517122e-9
 33 	 3.0539440238390405e-10
 33 	 1.0179813412796802e-11
 33 	 3.393271137598934e-13
 33 	 1.1310903791996447e-14
 33 	 3.7703012639988156e-16
 33 	 1.2567670879996052e-17
 33 	 4.1892236266653506e-19
 33 	 1.396407875555117e-20
 33 	 4.654692918517056e-22
 33 	 1.551564306172352e-23
 33 	 5.171881020574506e-25
 33 	 1.723960340191502e-26
 34 	 5.319300743937492
 34 	 0.1773100247979164
 34 	 0.005910334159930547
 34 	 0.00019701113866435157
 34 	 6.567037955478385e-6
 34 	 2.1890126518261283e-7
 34 	 7.2967088394204276e-9
 34 	 2.432236279806809e-10
 34 	 8.107454266022697e-12
 34 	 2.702484755340899e-13
 34 	 9.008282517802996e-15
 34 	 3.0027608392676656e-16
 35 	 4.639163168768088
 35 	 0.1546387722922696
 35 	 0.0051546257430756534
 35 	 0.00017182085810252178
 35 	 5.727361936750726e-6
 35 	 1.9091206455835753e-7
 35 	 6.363735485278585e-9
 36 	 9.306073868274689
 36 	 0.310202462275823
 36 	 0.010340082075860766
 36 	 0.0003446694025286922
 36 	 1.1488980084289741e-5
 36 	 3.8296600280965804e-7
 36 	 1.27655334269886e-8
 36 	 4.2551778089962e-10
 36 	 1.4183926029987334e-11
 36 	 4.727975343329111e-13
 36 	 1.5759917811097035e-14
 36 	 5.253305937032345e-16
 37 	 2.5684454227487246
 37 	 0.08561484742495748
 37 	 0.0028538282474985825
 37 	 9.512760824995275e-5
 37 	 3.170920274998425e-6
 37 	 1.0569734249994749e-7
 37 	 3.52324474999825e-9
 38 	 6.730967439214388
 38 	 0.22436558130714626
 38 	 0.007478852710238209
 38 	 0.00024929509034127365
 38 	 8.309836344709121e-6
 38 	 2.769945448236374e-7
 38 	 9.233151494121247e-9
 38 	 3.077717164707082e-10
 38 	 1.0259057215690274e-11
 38 	 3.4196857385634247e-13
 38 	 1.1398952461878082e-14
 38 	 3.7996508206260275e-16
 38 	 1.2665502735420092e-17
 38 	 4.2218342451400304e-19
 39 	 8.525591938445965
 39 	 0.28418639794819883
 39 	 0.009472879931606627
 39 	 0.00031576266438688755
 39 	 1.0525422146229585e-5
 39 	 3.5084740487431953e-7
 39 	 1.1694913495810652e-8
 39 	 3.8983044986035503e-10
 39 	 1.2994348328678502e-11
 39 	 4.331449442892834e-13
 39 	 1.443816480964278e-14
 39 	 4.812721603214259e-16
 39 	 1.6042405344047533e-17
 39 	 5.347468448015845e-19
 39 	 1.7824894826719482e-20
 39 	 5.941631608906494e-22
 39 	 1.980543869635498e-23
 39 	 6.601812898784993e-25
 39 	 2.2006042995949977e-26
 40 	 11.338353610783816
 40 	 0.37794512035946054
 40 	 0.012598170678648685
 40 	 0.0004199390226216228
 40 	 1.399796742072076e-5
 40 	 4.6659891402402534e-7
 40 	 1.5553297134134178e-8
 40 	 5.184432378044726e-10
 40 	 1.7281441260149087e-11
 40 	 5.760480420049695e-13
 40 	 1.920160140016565e-14
 40 	 6.400533800055216e-16
 40 	 2.133511266685072e-17
 40 	 7.111704222283573e-19
 40 	 2.3705680740945242e-20
 40 	 7.90189358031508e-22
 40 	 2.6339645267716934e-23
 40 	 8.779881755905645e-25
 40 	 2.926627251968548e-26
 41 	 9.106108356018861
 41 	 0.30353694520062874
 41 	 0.010117898173354291
 41 	 0.000337263272445143
 41 	 1.1242109081504768e-5
 41 	 3.7473696938349226e-7
 41 	 1.2491232312783076e-8
 41 	 4.1637441042610253e-10
 41 	 1.3879147014203418e-11
 41 	 4.626382338067806e-13
 41 	 1.5421274460226018e-14
 41 	 5.14042482007534e-16
 41 	 1.713474940025113e-17
 41 	 5.711583133417044e-19
 41 	 1.903861044472348e-20
 41 	 6.346203481574493e-22
 41 	 2.115401160524831e-23
 42 	 14.044623205065728
 42 	 0.4681541068355243
 42 	 0.015605136894517476
 42 	 0.0005201712298172492
 42 	 1.7339040993908305e-5
 42 	 5.779680331302768e-7
 42 	 1.926560110434256e-8
 42 	 6.421867034780854e-10
 42 	 2.1406223449269515e-11
 42 	 7.135407816423172e-13
 42 	 2.3784692721410573e-14
 42 	 7.928230907136858e-16
 42 	 2.642743635712286e-17
 42 	 8.809145452374286e-19
 42 	 2.9363818174580954e-20
 42 	 9.787939391526984e-22
 42 	 3.262646463842328e-23
 42 	 1.087548821280776e-24
 42 	 3.6251627376025864e-26
 42 	 1.208387579200862e-27
 42 	 4.027958597336207e-29
 43 	 4.2152014285326
 43 	 0.14050671428442
 43 	 0.004683557142814
 43 	 0.00015611857142713333
 43 	 5.203952380904444e-6
 43 	 1.7346507936348147e-7
 43 	 5.782169312116049e-9
 43 	 1.9273897707053495e-10
 43 	 6.4246325690178316e-12
 43 	 2.1415441896726106e-13
 43 	 7.138480632242035e-15
 43 	 2.3794935440806784e-16
 43 	 7.931645146935594e-18
 43 	 2.643881715645198e-19
 44 	 4.553430532415708
 44 	 0.15178101774719024
 44 	 0.005059367258239675
 44 	 0.00016864557527465583
 44 	 5.621519175821861e-6
 44 	 1.8738397252739536e-7
 44 	 6.2461324175798456e-9
 44 	 2.082044139193282e-10
 44 	 6.940147130644273e-12
 44 	 2.3133823768814244e-13
 45 	 5.156322369972865
 45 	 0.17187741233242884
 45 	 0.0057292470777476285
 45 	 0.0001909749025915876
 45 	 6.365830086386253e-6
 45 	 2.121943362128751e-7
 45 	 7.07314454042917e-9
 45 	 2.357714846809723e-10
 45 	 7.859049489365743e-12
 45 	 2.6196831631219143e-13
 46 	 8.914499551057816
 46 	 0.2971499850352605
 46 	 0.00990499950117535
 46 	 0.00033016665003917836
 46 	 1.1005555001305946e-5
 46 	 3.668518333768649e-7
 46 	 1.2228394445895496e-8
 46 	 4.0761314819651654e-10
 46 	 1.3587104939883884e-11
 46 	 4.529034979961295e-13
 46 	 1.509678326653765e-14
 46 	 5.032261088845883e-16
 46 	 1.6774203629486275e-17
 46 	 5.591401209828758e-19
 46 	 1.8638004032762526e-20
 47 	 3.625360929965973
 47 	 0.1208453643321991
 47 	 0.0040281788110733035
 47 	 0.0001342726270357768
 47 	 4.475754234525893e-6
 47 	 1.4919180781752978e-7
 47 	 4.9730602605843255e-9
 48 	 12.07470074892044
 48 	 0.4024900249640147
 48 	 0.013416334165467158
 48 	 0.00044721113884890523
 48 	 1.4907037961630174e-5
 48 	 4.969012653876725e-7
 48 	 1.6563375512922417e-8
 48 	 5.52112517097414e-10
 48 	 1.84037505699138e-11
 48 	 6.1345835233046e-13
 48 	 2.0448611744348666e-14
 48 	 6.816203914782889e-16
 49 	 15.66601068576177
 49 	 0.522200356192059
 49 	 0.0174066785397353
 49 	 0.0005802226179911767
 49 	 1.9340753933039224e-5
 49 	 6.446917977679741e-7
 49 	 2.1489726592265803e-8
 49 	 7.163242197421934e-10
 49 	 2.3877473991406445e-11
 49 	 7.959157997135481e-13
 49 	 2.653052665711827e-14
 49 	 8.84350888570609e-16
 49 	 2.947836295235363e-17
 49 	 9.826120984117877e-19
 49 	 3.2753736613726256e-20
 49 	 1.0917912204575418e-21
 49 	 3.639304068191806e-23
 49 	 1.2131013560639353e-24
 49 	 4.0436711868797844e-26
 50 	 14.183735917011896
 50 	 0.47279119723372987
 50 	 0.015759706574457664
 50 	 0.0005253235524819221
 50 	 1.751078508273074e-5
 50 	 5.836928360910247e-7
 50 	 1.9456427869700822e-8
 50 	 6.485475956566941e-10
 50 	 2.161825318855647e-11
 50 	 7.20608439618549e-13
 50 	 2.40202813206183e-14
 50 	 8.0067604402061e-16
 50 	 2.6689201467353666e-17
 50 	 8.89640048911789e-19
 51 	 5.77761986553669
 51 	 0.192587328851223
 51 	 0.0064195776283741
 51 	 0.00021398592094580335
 51 	 7.132864031526778e-6
 51 	 2.3776213438422592e-7
 51 	 7.925404479474198e-9
 52 	 19.678651523590087
 52 	 0.6559550507863362
 52 	 0.02186516835954454
 52 	 0.0007288389453181513
 52 	 2.4294631510605045e-5
 52 	 8.098210503535015e-7
 52 	 2.699403501178338e-8
 52 	 8.99801167059446e-10
 52 	 2.9993372235314867e-11
 52 	 9.997790745104956e-13
 52 	 3.3325969150349854e-14
 52 	 1.1108656383449951e-15
 52 	 3.702885461149984e-17
 52 	 1.2342951537166612e-18
 52 	 4.1143171790555374e-20
 52 	 1.3714390596851791e-21
 52 	 4.5714635322839303e-23
 52 	 1.5238211774279767e-24
 52 	 5.079403924759922e-26
 52 	 1.6931346415866407e-27
 52 	 5.643782138622135e-29
 52 	 1.881260712874045e-30
 52 	 6.270869042913483e-32
 52 	 2.090289680971161e-33
 53 	 9.864404320716858
 53 	 0.3288134773572286
 53 	 0.010960449245240953
 53 	 0.0003653483081746984
 53 	 1.2178276939156614e-5
 53 	 4.059425646385538e-7
 53 	 1.3531418821285127e-8
 53 	 4.510472940428376e-10
 53 	 1.503490980142792e-11
 53 	 5.011636600475973e-13
 53 	 1.6705455334919912e-14
 53 	 5.56848511163997e-16
 54 	 8.216083581248919
 54 	 0.27386945270829727
 54 	 0.009128981756943242
 54 	 0.00030429939189810805
 54 	 1.0143313063270268e-5
 54 	 3.381104354423423e-7
 54 	 1.1270347848078077e-8
 54 	 3.7567826160260256e-10
 54 	 1.2522608720086753e-11
 54 	 4.174202906695584e-13
 54 	 1.391400968898528e-14
 54 	 4.63800322966176e-16
 54 	 1.5460010765539198e-17
 54 	 5.153336921846399e-19
 55 	 14.563043765227
 55 	 0.48543479217423335
 55 	 0.016181159739141113
 55 	 0.0005393719913047038
 55 	 1.797906637682346e-5
 55 	 5.99302212560782e-7
 55 	 1.9976740418692734e-8
 55 	 6.658913472897578e-10
 55 	 2.2196378242991925e-11
 55 	 7.398792747663975e-13
 55 	 2.466264249221325e-14
 55 	 8.22088083073775e-16
 55 	 2.7402936102459167e-17
 55 	 9.134312034153055e-19
 55 	 3.0447706780510183e-20
 55 	 1.0149235593503394e-21
 55 	 3.383078531167798e-23
 55 	 1.1276928437225993e-24
 55 	 3.758976145741998e-26
 55 	 1.252992048580666e-27
 55 	 4.176640161935553e-29
 55 	 1.392213387311851e-30
 56 	 13.337958832581839
 56 	 0.44459862775272796
 56 	 0.014819954258424266
 56 	 0.0004939984752808089
 56 	 1.646661584269363e-5
 56 	 5.488871947564544e-7
 56 	 1.8296239825215146e-8
 56 	 6.098746608405049e-10
 56 	 2.0329155361350163e-11
 56 	 6.776385120450054e-13
 56 	 2.258795040150018e-14
 56 	 7.529316800500061e-16
 56 	 2.5097722668333535e-17
 56 	 8.365907556111179e-19
 56 	 2.7886358520370593e-20
 56 	 9.29545284012353e-22
 56 	 3.098484280041177e-23
 57 	 6.506394521395365
 57 	 0.21687981737984552
 57 	 0.007229327245994851
 57 	 0.00024097757486649503
 57 	 8.032585828883168e-6
 57 	 2.6775286096277227e-7
 57 	 8.925095365425742e-9
 57 	 2.975031788475247e-10
 57 	 9.916772628250825e-12
 57 	 3.3055908760836085e-13
 57 	 1.1018636253612028e-14
 57 	 3.672878751204009e-16
 57 	 1.2242929170680031e-17
 57 	 4.080976390226677e-19
 57 	 1.3603254634088923e-20
 57 	 4.534418211362974e-22
 58 	 10.048799441506466
 58 	 0.3349599813835489
 58 	 0.011165332712784963
 58 	 0.0003721777570928321
 58 	 1.2405925236427737e-5
 58 	 4.135308412142579e-7
 58 	 1.3784361373808597e-8
 58 	 4.5947871246028654e-10
 58 	 1.5315957082009553e-11
 58 	 5.105319027336517e-13
 58 	 1.7017730091121725e-14
 58 	 5.672576697040575e-16
 58 	 1.890858899013525e-17
 58 	 6.30286299671175e-19
 58 	 2.10095433223725e-20
 58 	 7.0031811074575e-22
 58 	 2.3343937024858333e-23
 58 	 7.7813123416194445e-25
 58 	 2.593770780539815e-26
 59 	 5.903539452453455
 59 	 0.19678464841511514
 59 	 0.0065594882805038385
 59 	 0.00021864960935012796
 59 	 7.288320311670932e-6
 59 	 2.429440103890311e-7
 59 	 8.098133679634369e-9
 60 	 26.64540841182073
 60 	 0.8881802803940243
 60 	 0.029606009346467475
 60 	 0.0009868669782155824
 60 	 3.289556594051941e-5
 60 	 1.0965188646839804e-6
 60 	 3.655062882279935e-8
 60 	 1.2183542940933117e-9
 60 	 4.061180980311039e-11
 60 	 1.353726993437013e-12
 60 	 4.51242331145671e-14
 60 	 1.5041411038189033e-15
 60 	 5.013803679396344e-17
 60 	 1.6712678931321147e-18
 60 	 5.570892977107049e-20
 60 	 1.8569643257023497e-21
 60 	 6.189881085674499e-23
 60 	 2.063293695224833e-24
 60 	 6.877645650749444e-26
 60 	 2.2925485502498147e-27
 60 	 7.641828500832715e-29
 60 	 2.5472761669442386e-30
 61 	 5.302144210537275
 61 	 0.1767381403512425
 61 	 0.0058912713450414165
 61 	 0.00019637571150138056
 61 	 6.545857050046019e-6
 61 	 2.1819523500153396e-7
 61 	 7.2731745000511316e-9
 61 	 2.424391500017044e-10
 61 	 8.081305000056812e-12
 61 	 2.6937683333522705e-13
 61 	 8.979227777840902e-15
 61 	 2.9930759259469675e-16
 61 	 9.976919753156558e-18
 61 	 3.325639917718853e-19
 62 	 11.36641134818395
 62 	 0.37888037827279836
 62 	 0.012629345942426613
 62 	 0.0004209781980808871
 62 	 1.4032606602696238e-5
 62 	 4.677535534232079e-7
 62 	 1.559178511410693e-8
 62 	 5.19726170470231e-10
 62 	 1.7324205682341034e-11
 62 	 5.774735227447011e-13
 62 	 1.924911742482337e-14
 62 	 6.416372474941123e-16
 62 	 2.1387908249803744e-17
 62 	 7.129302749934581e-19
 62 	 2.376434249978194e-20
 62 	 7.921447499927313e-22
 62 	 2.640482499975771e-23
 62 	 8.80160833325257e-25
 62 	 2.933869444417523e-26
 62 	 9.779564814725077e-28
 63 	 10.421301056941351
 63 	 0.34737670189804504
 63 	 0.011579223396601501
 63 	 0.00038597411322005006
 63 	 1.286580377400167e-5
 63 	 4.2886012580005567e-7
 63 	 1.4295337526668523e-8
 63 	 4.765112508889508e-10
 63 	 1.5883708362965026e-11
 63 	 5.294569454321675e-13
 63 	 1.7648564847738917e-14
 63 	 5.882854949246305e-16
 63 	 1.9609516497487684e-17
 63 	 6.536505499162561e-19
 63 	 2.1788351663875202e-20
 63 	 7.262783887958401e-22
 63 	 2.4209279626528003e-23
 63 	 8.0697598755093345e-25
 63 	 2.6899199585031114e-26
 63 	 8.966399861677038e-28
 64 	 23.179804561535516
 64 	 0.7726601520511839
 64 	 0.02575533840170613
 64 	 0.000858511280056871
 64 	 2.8617042668562365e-5
 64 	 9.539014222854122e-7
 64 	 3.179671407618041e-8
 64 	 1.0598904692060135e-9
 64 	 3.5329682306867114e-11
 64 	 1.1776560768955704e-12
 64 	 3.925520256318568e-14
 64 	 1.3085067521061892e-15
 64 	 4.3616891736872975e-17
 64 	 1.4538963912290991e-18
 64 	 4.846321304096997e-20
 64 	 1.615440434698999e-21
 64 	 5.384801448996663e-23
 64 	 1.794933816332221e-24
 64 	 5.983112721107404e-26
 64 	 1.9943709070358016e-27
 64 	 6.647903023452671e-29
 64 	 2.2159676744842238e-30
 65 	 8.517109662294388
 65 	 0.28390365540981294
 65 	 0.009463455180327098
 65 	 0.0003154485060109033
 65 	 1.0514950200363443e-5
 65 	 3.504983400121148e-7
 65 	 1.1683278000403827e-8
 65 	 3.8944260001346087e-10
 65 	 1.2981420000448696e-11
 65 	 4.327140000149565e-13
 65 	 1.442380000049855e-14
 65 	 4.807933333499517e-16
 66 	 11.182672993342083
 66 	 0.37275576644473607
 66 	 0.012425192214824536
 66 	 0.00041417307382748454
 66 	 1.3805769127582817e-5
 66 	 4.601923042527606e-7
 66 	 1.533974347509202e-8
 66 	 5.113247825030673e-10
 66 	 1.704415941676891e-11
 66 	 5.681386472256303e-13
 66 	 1.893795490752101e-14
 66 	 6.312651635840337e-16
 66 	 2.104217211946779e-17
 66 	 7.01405737315593e-19
 66 	 2.33801912438531e-20
 66 	 7.793397081284367e-22
 67 	 6.651550620794296
 67 	 0.22171835402647655
 67 	 0.007390611800882551
 67 	 0.000246353726696085
 67 	 8.211790889869502e-6
 67 	 2.7372636299565005e-7
 67 	 9.124212099855001e-9
 67 	 3.0414040332850005e-10
 67 	 1.0138013444283336e-11
 67 	 3.379337814761112e-13
 68 	 9.777700250347456
 68 	 0.32592334167824855
 68 	 0.010864111389274952
 68 	 0.00036213704630916506
 68 	 1.2071234876972169e-5
 68 	 4.023744958990723e-7
 68 	 1.3412483196635744e-8
 68 	 4.4708277322119144e-10
 68 	 1.4902759107373047e-11
 68 	 4.967586369124349e-13
 68 	 1.6558621230414497e-14
 68 	 5.519540410138166e-16
 68 	 1.8398468033793886e-17
 68 	 6.132822677931296e-19
 69 	 8.373589782913525
 69 	 0.27911965943045086
 69 	 0.009303988647681696
 69 	 0.00031013295492272316
 69 	 1.0337765164090772e-5
 69 	 3.4459217213635905e-7
 69 	 1.1486405737878635e-8
 69 	 3.8288019126262115e-10
 69 	 1.2762673042087371e-11
 69 	 4.254224347362457e-13
 69 	 1.4180747824541523e-14
 70 	 8.965946447849273
 70 	 0.29886488159497576
 70 	 0.009962162719832525
 70 	 0.00033207209066108415
 70 	 1.1069069688702805e-5
 70 	 3.689689896234268e-7
 70 	 1.2298966320780894e-8
 70 	 4.0996554402602977e-10
 70 	 1.3665518134200992e-11
 70 	 4.555172711400331e-13
 70 	 1.5183909038001103e-14
 70 	 5.061303012667035e-16
 70 	 1.687101004222345e-17
 70 	 5.623670014074483e-19
 71 	 13.125103950500488
 71 	 0.43750346501668297
 71 	 0.014583448833889432
 71 	 0.0004861149611296477
 71 	 1.6203832037654924e-5
 71 	 5.401277345884975e-7
 71 	 1.800425781961658e-8
 71 	 6.001419273205527e-10
 71 	 2.000473091068509e-11
 71 	 6.66824363689503e-13
 71 	 2.2227478789650097e-14
 71 	 7.409159596550033e-16
 72 	 7.802037165562312
 72 	 0.2600679055187437
 72 	 0.008668930183958123
 72 	 0.0002889643394652708
 72 	 9.63214464884236e-6
 72 	 3.2107148829474534e-7
 72 	 1.0702382943158178e-8
 72 	 3.5674609810527263e-10
 72 	 1.1891536603509088e-11
 72 	 3.9638455345030294e-13
 72 	 1.3212818448343432e-14
 73 	 11.590157906214396
 73 	 0.38633859687381317
 73 	 0.012877953229127105
 73 	 0.0004292651076375702
 73 	 1.430883692125234e-5
 73 	 4.769612307084114e-7
 73 	 1.589870769028038e-8
 73 	 5.29956923009346e-10
 73 	 1.76652307669782e-11
 73 	 5.8884102556594e-13
 73 	 1.9628034185531333e-14
 73 	 6.542678061843778e-16
 73 	 2.1808926872812593e-17
 73 	 7.269642290937531e-19
 74 	 19.17540830373764
 74 	 0.6391802767912547
 74 	 0.021306009226375155
 74 	 0.0007102003075458385
 74 	 2.3673343584861285e-5
 74 	 7.891114528287095e-7
 74 	 2.6303715094290318e-8
 74 	 8.767905031430107e-10
 74 	 2.9226350104767024e-11
 74 	 9.742116701589007e-13
 74 	 3.247372233863002e-14
 74 	 1.0824574112876674e-15
 74 	 3.608191370958892e-17
 74 	 1.2027304569862973e-18
 74 	 4.0091015232876576e-20
 75 	 9.945318420728048
 75 	 0.3315106140242683
 75 	 0.011050353800808942
 75 	 0.0003683451266936314
 75 	 1.2278170889787713e-5
 75 	 4.092723629929238e-7
 75 	 1.3642412099764126e-8
 75 	 4.5474706999213753e-10
 75 	 1.5158235666404585e-11
 75 	 5.052745222134861e-13
 75 	 1.6842484073782872e-14
 75 	 5.614161357927624e-16
 75 	 1.871387119309208e-17
 75 	 6.237957064364026e-19
 75 	 2.0793190214546755e-20
 75 	 6.931063404848918e-22
 75 	 2.3103544682829727e-23
 75 	 7.7011815609432425e-25
 75 	 2.567060520314414e-26
 75 	 8.556868401048047e-28
 76 	 11.341867388784886
 76 	 0.37806224629282953
 76 	 0.01260207487642765
 76 	 0.00042006916254758836
 76 	 1.4002305418252945e-5
 76 	 4.6674351394176484e-7
 76 	 1.555811713139216e-8
 76 	 5.186039043797387e-10
 76 	 1.7286796812657956e-11
 76 	 5.762265604219319e-13
 76 	 1.9207552014064396e-14
 76 	 6.4025173380214655e-16
 76 	 2.1341724460071552e-17
 76 	 7.113908153357184e-19
 76 	 2.371302717785728e-20
 76 	 7.904342392619093e-22
 76 	 2.6347807975396977e-23
 76 	 8.78260265846566e-25
 76 	 2.927534219488553e-26
 76 	 9.758447398295178e-28
 76 	 3.252815799431726e-29
 77 	 3.1900180533528326
 77 	 0.10633393511176109
 77 	 0.00354446450372537
 77 	 0.00011814881679084566
 77 	 3.938293893028189e-6
 77 	 1.3127646310093965e-7
 77 	 4.375882103364655e-9
 78 	 18.800835663080214
 78 	 0.6266945221026738
 78 	 0.02088981740342246
 78 	 0.0006963272467807487
 78 	 2.3210908226024955e-5
 78 	 7.736969408674986e-7
 78 	 2.5789898028916618e-8
 78 	 8.59663267630554e-10
 78 	 2.86554422543518e-11
 78 	 9.551814084783932e-13
 78 	 3.183938028261311e-14
 78 	 1.0613126760871036e-15
 78 	 3.537708920290345e-17
 78 	 1.1792363067634483e-18
 78 	 3.930787689211494e-20
 78 	 1.310262563070498e-21
 78 	 4.36754187690166e-23
 78 	 1.4558472923005535e-24
 78 	 4.8528243076685117e-26
 78 	 1.6176081025561705e-27
 78 	 5.392027008520568e-29
 78 	 1.7973423361735227e-30
 79 	 10.064797033866247
 79 	 0.33549323446220825
 79 	 0.011183107815406941
 79 	 0.0003727702605135647
 79 	 1.2425675350452156e-5
 79 	 4.141891783484052e-7
 79 	 1.380630594494684e-8
 79 	 4.6021019816489466e-10
 79 	 1.534033993882982e-11
 79 	 5.113446646276607e-13
 79 	 1.7044822154255356e-14
 79 	 5.681607384751785e-16
 79 	 1.893869128250595e-17
 79 	 6.31289709416865e-19
 79 	 2.1042990313895502e-20
 79 	 7.014330104631834e-22
 79 	 2.3381100348772782e-23
 79 	 7.7937001162575935e-25
 79 	 2.597900038752531e-26
 79 	 8.65966679584177e-28
 80 	 15.429724576075872
 80 	 0.5143241525358624
 80 	 0.017144138417862078
 80 	 0.0005714712805954026
 80 	 1.9049042686513422e-5
 80 	 6.349680895504475e-7
 80 	 2.1165602985014917e-8
 80 	 7.055200995004973e-10
 80 	 2.3517336650016575e-11
 80 	 7.839112216672192e-13
 80 	 2.6130374055573973e-14
 80 	 8.710124685191324e-16
 80 	 2.9033748950637746e-17
 80 	 9.677916316879248e-19
 80 	 3.225972105626416e-20
 80 	 1.0753240352088052e-21
 80 	 3.5844134506960175e-23
 80 	 1.1948044835653391e-24
 80 	 3.982681611884464e-26
 80 	 1.3275605372948213e-27
 80 	 4.4252017909827376e-29
 80 	 1.4750672636609126e-30
 81 	 10.942133516073227
 81 	 0.36473778386910755
 81 	 0.012157926128970252
 81 	 0.0004052642042990084
 81 	 1.3508806809966946e-5
 81 	 4.5029356033223156e-7
 81 	 1.500978534440772e-8
 81 	 5.00326178146924e-10
 81 	 1.6677539271564134e-11
 81 	 5.559179757188045e-13
 81 	 1.8530599190626815e-14
 81 	 6.176866396875605e-16
 81 	 2.0589554656252017e-17
 81 	 6.863184885417339e-19
 81 	 2.287728295139113e-20
 82 	 4.017296090225378
 82 	 0.13390986967417928
 82 	 0.0044636623224726425
 82 	 0.00014878874408242142
 82 	 4.959624802747381e-6
 82 	 1.6532082675824603e-7
 82 	 5.510694225274867e-9
 83 	 10.021752127011617
 83 	 0.3340584042337206
 83 	 0.01113528014112402
 83 	 0.00037117600470413397
 83 	 1.23725334901378e-5
 83 	 4.124177830045933e-7
 83 	 1.3747259433486442e-8
 83 	 4.5824198111621473e-10
 83 	 1.5274732703873824e-11
 83 	 5.091577567957941e-13
 83 	 1.697192522652647e-14
 83 	 5.657308408842156e-16
 83 	 1.8857694696140522e-17
 83 	 6.28589823204684e-19
 83 	 2.09529941068228e-20
 83 	 6.984331368940934e-22
 84 	 6.562523076931636
 84 	 0.21875076923105452
 84 	 0.007291692307701817
 84 	 0.00024305641025672723
 84 	 8.101880341890908e-6
 84 	 2.7006267806303026e-7
 84 	 9.002089268767676e-9
 84 	 3.0006964229225585e-10
 84 	 1.0002321409741861e-11
 84 	 3.3341071365806204e-13
 85 	 7.790682086348534
 85 	 0.25968940287828446
 85 	 0.008656313429276148
 85 	 0.0002885437809758716
 85 	 9.618126032529053e-6
 85 	 3.206042010843018e-7
 85 	 1.068680670281006e-8
 85 	 3.5622689009366866e-10
 85 	 1.1874229669788956e-11
 85 	 3.9580765565963186e-13
 85 	 1.3193588521987728e-14
 86 	 4.137896473705768
 86 	 0.13792988245685894
 86 	 0.004597662748561965
 86 	 0.0001532554249520655
 86 	 5.108514165068849e-6
 86 	 1.7028380550229498e-7
 86 	 5.676126850076499e-9
 87 	 11.965551073352495
 87 	 0.39885170244508317
 87 	 0.01329505674816944
 87 	 0.00044316855827231463
 87 	 1.477228527574382e-5
 87 	 4.924095091914607e-7
 87 	 1.6413650306382023e-8
 87 	 5.471216768794008e-10
 87 	 1.823738922931336e-11
 87 	 6.079129743104454e-13
 87 	 2.026376581034818e-14
 87 	 6.754588603449393e-16
 87 	 2.251529534483131e-17
 87 	 7.505098448277104e-19
 88 	 10.000254450241725
 88 	 0.3333418150080575
 88 	 0.011111393833601916
 88 	 0.00037037979445339716
 88 	 1.2345993148446572e-5
 88 	 4.1153310494821904e-7
 88 	 1.3717770164940635e-8
 88 	 4.5725900549802114e-10
 88 	 1.524196684993404e-11
 88 	 5.08065561664468e-13
 88 	 1.693551872214893e-14
 88 	 5.645172907382976e-16
 88 	 1.8817243024609922e-17
 88 	 6.272414341536641e-19
 88 	 2.0908047805122137e-20
 88 	 6.969349268374046e-22
 88 	 2.3231164227913486e-23
 88 	 7.743721409304496e-25
 88 	 2.5812404697681652e-26
 89 	 7.8002940873305
 89 	 0.26000980291101666
 89 	 0.008666993430367222
 89 	 0.00028889978101224073
 89 	 9.629992700408025e-6
 89 	 3.209997566802675e-7
 89 	 1.069999188934225e-8
 89 	 3.566663963114083e-10
 89 	 1.1888879877046943e-11
 89 	 3.962959959015648e-13
 89 	 1.320986653005216e-14
 89 	 4.40328884335072e-16
 89 	 1.4677629477835732e-17
 89 	 4.892543159278578e-19
 90 	 6.4084614207347235
 90 	 0.21361538069115746
 90 	 0.0071205126897052485
 90 	 0.00023735042299017495
 90 	 7.911680766339165e-6
 90 	 2.637226922113055e-7
 90 	 8.790756407043517e-9
 90 	 2.9302521356811723e-10
 90 	 9.767507118937241e-12
 90 	 3.2558357063124136e-13
 90 	 1.0852785687708046e-14
 90 	 3.617595229236015e-16
 90 	 1.205865076412005e-17
 90 	 4.019550254706683e-19
 91 	 13.809072296818098
 91 	 0.4603024098939366
 91 	 0.01534341366313122
 91 	 0.000511447122104374
 91 	 1.7048237403479132e-5
 91 	 5.68274580115971e-7
 91 	 1.89424860038657e-8
 91 	 6.314162001288567e-10
 91 	 2.1047206670961887e-11
 91 	 7.015735556987296e-13
 91 	 2.3385785189957653e-14
 91 	 7.795261729985885e-16
 91 	 2.5984205766619616e-17
 91 	 8.661401922206539e-19
 91 	 2.8871339740688464e-20
 91 	 9.623779913562821e-22
 91 	 3.2079266378542736e-23
 92 	 7.855311413606008
 92 	 0.26184371378686694
 92 	 0.008728123792895564
 92 	 0.0002909374597631855
 92 	 9.697915325439516e-6
 92 	 3.232638441813172e-7
 92 	 1.0775461472710574e-8
 92 	 3.5918204909035245e-10
 92 	 1.1972734969678416e-11
 92 	 3.9909116565594716e-13
 92 	 1.330303885519824e-14
 92 	 4.43434628506608e-16
 92 	 1.47811542835536e-17
 92 	 4.9270514278512e-19
 92 	 1.6423504759504002e-20
 92 	 5.474501586501335e-22
 92 	 1.8248338621671116e-23
 92 	 6.082779540557039e-25
 92 	 2.0275931801856796e-26
 92 	 6.758643933952265e-28
 93 	 11.061798825860023
 93 	 0.36872662752866747
 93 	 0.012290887584288916
 93 	 0.0004096962528096305
 93 	 1.3656541760321016e-5
 93 	 4.5521805867736724e-7
 93 	 1.5173935289245575e-8
 93 	 5.057978429748525e-10
 93 	 1.685992809916175e-11
 93 	 5.619976033053917e-13
 93 	 1.8733253443513057e-14
 93 	 6.244417814504353e-16
 93 	 2.0814726048347843e-17
 93 	 6.938242016115948e-19
 93 	 2.312747338705316e-20
 94 	 8.414255468547344
 94 	 0.2804751822849115
 94 	 0.009349172742830382
 94 	 0.0003116390914276794
 94 	 1.038796971425598e-5
 94 	 3.46265657141866e-7
 94 	 1.1542188571395534e-8
 94 	 3.847396190465178e-10
 94 	 1.2824653968217261e-11
 94 	 4.27488465607242e-13
 94 	 1.42496155202414e-14
 94 	 4.749871840080466e-16
 94 	 1.5832906133601555e-17
 94 	 5.277635377867185e-19
 94 	 1.759211792622395e-20
 94 	 5.864039308741317e-22
 94 	 1.9546797695804387e-23
 94 	 6.515599231934796e-25
 94 	 2.171866410644932e-26
 94 	 7.239554702149773e-28
 94 	 2.413184900716591e-29
 95 	 8.135006750623385
 95 	 0.2711668916874462
 95 	 0.00903889638958154
 95 	 0.0003012965463193847
 95 	 1.0043218210646157e-5
 95 	 3.347739403548719e-7
 95 	 1.1159131345162397e-8
 95 	 3.719710448387466e-10
 95 	 1.2399034827958219e-11
 95 	 4.1330116093194064e-13
 95 	 1.3776705364398022e-14
 95 	 4.592235121466007e-16
 95 	 1.530745040488669e-17
 95 	 5.102483468295563e-19
 96 	 16.777020280559857
 96 	 0.5592340093519952
 96 	 0.018641133645066508
 96 	 0.0006213711215022169
 96 	 2.0712370716740564e-5
 96 	 6.904123572246855e-7
 96 	 2.301374524082285e-8
 96 	 7.671248413607617e-10
 96 	 2.5570828045358725e-11
 96 	 8.523609348452908e-13
 96 	 2.8412031161509693e-14
 96 	 9.470677053836564e-16
 96 	 3.156892351278855e-17
 96 	 1.052297450426285e-18
 96 	 3.5076581680876165e-20
 96 	 1.1692193893625389e-21
 96 	 3.897397964541796e-23
 96 	 1.2991326548472654e-24
 96 	 4.330442182824218e-26
 96 	 1.4434807276080726e-27
 97 	 13.370811259746551
 97 	 0.4456937086582184
 97 	 0.014856456955273946
 97 	 0.0004952152318424648
 97 	 1.6507174394748828e-5
 97 	 5.502391464916276e-7
 97 	 1.8341304883054254e-8
 97 	 6.113768294351418e-10
 97 	 2.037922764783806e-11
 97 	 6.793075882612687e-13
 97 	 2.264358627537562e-14
 97 	 7.547862091791873e-16
 98 	 21.879726900160314
 98 	 0.7293242300053439
 98 	 0.024310807666844795
 98 	 0.0008103602555614932
 98 	 2.7012008518716438e-5
 98 	 9.004002839572146e-7
 98 	 3.0013342798573824e-8
 98 	 1.0004447599524607e-9
 98 	 3.3348158665082024e-11
 98 	 1.1116052888360674e-12
 98 	 3.705350962786891e-14
 98 	 1.2351169875956304e-15
 98 	 4.1170566253187684e-17
 98 	 1.3723522084395894e-18
 98 	 4.574507361465298e-20
 98 	 1.5248357871550993e-21
 98 	 5.0827859571836647e-23
 98 	 1.6942619857278884e-24
 98 	 5.647539952426294e-26
 98 	 1.8825133174754315e-27
 98 	 6.275044391584772e-29
 99 	 24.584135313828785
 99 	 0.8194711771276262
 99 	 0.027315705904254205
 99 	 0.0009105235301418069
 99 	 3.0350784338060228e-5
 99 	 1.0116928112686743e-6
 99 	 3.372309370895581e-8
 99 	 1.1241031236318603e-9
 99 	 3.747010412106201e-11
 99 	 1.2490034707020669e-12
 99 	 4.1633449023402227e-14
 99 	 1.3877816341134077e-15
 99 	 4.6259387803780256e-17
 99 	 1.5419795934593418e-18
 99 	 5.139931978197806e-20
 99 	 1.7133106593992686e-21
 99 	 5.711035531330895e-23
 100 	 15.71923069357872
 100 	 0.523974356452624
 100 	 0.017465811881754133
 100 	 0.0005821937293918044
 100 	 1.940645764639348e-5
 100 	 6.468819215464493e-7
 100 	 2.1562730718214975e-8
 100 	 7.187576906071658e-10
 100 	 2.3958589686905528e-11
 100 	 7.986196562301843e-13
 100 	 2.662065520767281e-14
 100 	 8.873551735890937e-16
 100 	 2.9578505786303125e-17
 100 	 9.85950192876771e-19
 100 	 3.28650064292257e-20
 100 	 1.0955002143075233e-21
 100 	 3.6516673810250774e-23
 101 	 13.801891396443049
 101 	 0.4600630465481016
 101 	 0.01533543488493672
 101 	 0.000511181162831224
 101 	 1.7039372094374132e-5
 101 	 5.67979069812471e-7
 101 	 1.89326356604157e-8
 101 	 6.3108785534719e-10
 101 	 2.1036261844906333e-11
 101 	 7.012087281635444e-13
 101 	 2.337362427211815e-14
 101 	 7.79120809070605e-16
 101 	 2.5970693635686833e-17
 101 	 8.656897878562278e-19
 102 	 13.340625123182933
 102 	 0.44468750410609775
 102 	 0.014822916803536592
 102 	 0.000494097226784553
 102 	 1.64699075594851e-5
 102 	 5.489969186495034e-7
 102 	 1.829989728831678e-8
 102 	 6.09996576277226e-10
 102 	 2.0333219209240867e-11
 102 	 6.777739736413622e-13
 102 	 2.259246578804541e-14
 102 	 7.53082192934847e-16
 102 	 2.5102739764494898e-17
 102 	 8.3675799214982995e-19
 103 	 11.9400461991628
 103 	 0.39800153997209337
 103 	 0.013266717999069779
 103 	 0.000442223933302326
 103 	 1.47407977767442e-5
 103 	 4.913599258914733e-7
 103 	 1.6378664196382444e-8
 103 	 5.459554732127481e-10
 103 	 1.8198515773758272e-11
 103 	 6.066171924586091e-13
 103 	 2.0220573081953635e-14
 103 	 6.740191027317879e-16
 103 	 2.2467303424392928e-17
 103 	 7.489101141464309e-19
 104 	 19.8603663533926
 104 	 0.6620122117797533
 104 	 0.022067073725991777
 104 	 0.0007355691241997259
 104 	 2.4518970806657528e-5
 104 	 8.172990268885842e-7
 104 	 2.724330089628614e-8
 104 	 9.081100298762047e-10
 104 	 3.027033432920682e-11
 104 	 1.0090111443068941e-12
 104 	 3.36337048102298e-14
 104 	 1.1211234936743267e-15
 104 	 3.7370783122477554e-17
 104 	 1.2456927707492517e-18
 104 	 4.152309235830839e-20
 104 	 1.3841030786102796e-21
 104 	 4.613676928700932e-23
 104 	 1.5378923095669774e-24
 104 	 5.1263076985565914e-26
 104 	 1.708769232852197e-27
 104 	 5.695897442840657e-29
 104 	 1.8986324809468854e-30
 105 	 5.681912779808044
 105 	 0.18939709266026813
 105 	 0.006313236422008938
 105 	 0.0002104412140669646
 105 	 7.014707135565487e-6
 105 	 2.3382357118551623e-7
 105 	 7.794119039517207e-9
 105 	 2.5980396798390693e-10
 105 	 8.660132266130231e-12
 105 	 2.886710755376744e-13
 105 	 9.622369184589147e-15
 105 	 3.207456394863049e-16
 105 	 1.0691521316210163e-17
 105 	 3.563840438736721e-19
 105 	 1.1879468129122403e-20
 105 	 3.9598227097074676e-22
 106 	 11.87831279337406
 106 	 0.3959437597791354
 106 	 0.013198125325971179
 106 	 0.00043993751086570597
 106 	 1.4664583695523532e-5
 106 	 4.888194565174511e-7
 106 	 1.6293981883915036e-8
 106 	 5.431327294638345e-10
 106 	 1.810442431546115e-11
 106 	 6.034808105153716e-13
 106 	 2.0116027017179055e-14
 106 	 6.705342339059684e-16
 106 	 2.2351141130198948e-17
 106 	 7.450380376732982e-19
 106 	 2.4834601255776608e-20
 106 	 8.278200418592203e-22
 106 	 2.759400139530734e-23
 106 	 9.198000465102446e-25
 106 	 3.0660001550341486e-26
 106 	 1.0220000516780495e-27
 106 	 3.4066668389268317e-29
 106 	 1.1355556129756106e-30
 107 	 4.8608362674713135
 107 	 0.1620278755823771
 107 	 0.005400929186079237
 107 	 0.0001800309728693079
 107 	 6.00103242897693e-6
 107 	 2.0003441429923098e-7
 107 	 6.667813809974366e-9
 107 	 2.2226046033247889e-10
 107 	 7.408682011082629e-12
 107 	 2.469560670360876e-13
 107 	 8.231868901202921e-15
 107 	 2.743956300400974e-16
 107 	 9.146521001336579e-18
 107 	 3.0488403337788595e-19
 107 	 1.0162801112596198e-20
 107 	 3.3876003708653994e-22
 108 	 14.174858325719834
 108 	 0.47249527752399445
 108 	 0.015749842584133148
 108 	 0.0005249947528044382
 108 	 1.7499825093481273e-5
 108 	 5.833275031160425e-7
 108 	 1.9444250103868082e-8
 108 	 6.48141670128936e-10
 108 	 2.1604722337631203e-11
 108 	 7.201574112543734e-13
 108 	 2.4005247041812446e-14
 108 	 8.001749013937483e-16
 108 	 2.6672496713124942e-17
 108 	 8.890832237708314e-19
 108 	 2.963610745902771e-20
 108 	 9.87870248634257e-22
 108 	 3.2929008287808566e-23
 108 	 1.0976336095936189e-24
 109 	 6.764913088083267
 109 	 0.2254971029361089
 109 	 0.007516570097870296
 109 	 0.00025055233659567654
 109 	 8.351744553189217e-6
 109 	 2.783914851063072e-7
 109 	 9.27971617021024e-9
 109 	 3.0932387234034133e-10
 109 	 1.0310795744678044e-11
 109 	 3.4369319148926813e-13
 109 	 1.1456439716308937e-14
 109 	 3.8188132387696456e-16
 109 	 1.2729377462565486e-17
 109 	 4.243125820855162e-19
 109 	 1.4143752736183875e-20
 109 	 4.714584245394625e-22
 109 	 1.5715280817982083e-23
 110 	 18.52748569647471
 110 	 0.617582856549157
 110 	 0.020586095218305234
 110 	 0.0006862031739435077
 110 	 2.2873439131450257e-5
 110 	 7.624479710483419e-7
 110 	 2.5414932368278065e-8
 110 	 8.471644122759354e-10
 110 	 2.8238813742531182e-11
 110 	 9.41293791417706e-13
 110 	 3.137645971392353e-14
 110 	 1.0458819904641178e-15
 110 	 3.486273301547059e-17
 110 	 1.1620911005156864e-18
 110 	 3.8736370017189546e-20
 110 	 1.2912123339063183e-21
 110 	 4.304041113021061e-23
 110 	 1.4346803710070203e-24
 110 	 4.782267903356734e-26
 110 	 1.5940893011189114e-27
 110 	 5.313631003729705e-29
 110 	 1.7712103345765684e-30
 111 	 14.76624797085921
 111 	 0.492208265695307
 111 	 0.01640694218984357
 111 	 0.0005468980729947857
 111 	 1.8229935766492856e-5
 111 	 6.076645255497618e-7
 111 	 2.0255484184992062e-8
 111 	 6.75182806166402e-10
 111 	 2.250609353888007e-11
 111 	 7.50203117962669e-13
 111 	 2.5006770598755635e-14
 111 	 8.335590199585212e-16
 111 	 2.778530066528404e-17
 111 	 9.261766888428014e-19
 111 	 3.087255629476004e-20
 111 	 1.0290852098253347e-21
 111 	 3.4302840327511156e-23
 111 	 1.1434280109170386e-24
 111 	 3.811426703056795e-26
 111 	 1.2704755676855984e-27
 111 	 4.234918558951995e-29
 111 	 1.4116395196506649e-30
 112 	 5.550442650914192
 112 	 0.18501475503047307
 112 	 0.006167158501015769
 112 	 0.00020557195003385894
 112 	 6.852398334461965e-6
 112 	 2.2841327781539883e-7
 112 	 7.613775927179961e-9
 112 	 2.5379253090599873e-10
 112 	 8.459751030199958e-12
 112 	 2.8199170100666524e-13
 113 	 21.405902754267057
 113 	 0.7135300918089019
 113 	 0.023784336393630066
 113 	 0.0007928112131210022
 113 	 2.6427040437366742e-5
 113 	 8.809013479122248e-7
 113 	 2.9363378263740825e-8
 113 	 9.787792754580275e-10
 113 	 3.262597584860092e-11
 113 	 1.0875325282866973e-12
 113 	 3.625108427622324e-14
 113 	 1.208369475874108e-15
 113 	 4.027898252913693e-17
 113 	 1.3426327509712311e-18
 113 	 4.475442503237437e-20
 113 	 1.4918141677458124e-21
 113 	 4.972713892486041e-23
 113 	 1.657571297495347e-24
 113 	 5.525237658317824e-26
 114 	 8.260400145252545
 114 	 0.2753466715084182
 114 	 0.009178222383613939
 114 	 0.0003059407461204646
 114 	 1.0198024870682153e-5
 114 	 3.3993416235607175e-7
 114 	 1.1331138745202392e-8
 114 	 3.777046248400797e-10
 114 	 1.259015416133599e-11
 114 	 4.1967180537786633e-13
 114 	 1.3989060179262211e-14
 115 	 4.53865684568882
 115 	 0.15128856152296066
 115 	 0.005042952050765355
 115 	 0.0001680984016921785
 115 	 5.6032800564059506e-6
 115 	 1.8677600188019834e-7
 115 	 6.2258667293399444e-9
 116 	 10.570317459106445
 116 	 0.35234391530354814
 116 	 0.011744797176784939
 116 	 0.0003914932392261646
 116 	 1.3049774640872154e-5
 116 	 4.349924880290718e-7
 116 	 1.4499749600969059e-8
 116 	 4.833249866989686e-10
 116 	 1.611083288996562e-11
 116 	 5.37027762998854e-13
 116 	 1.7900925433295136e-14
 116 	 5.966975144431712e-16
 117 	 4.8147919977704685
 117 	 0.16049306659234894
 117 	 0.005349768886411631
 117 	 0.00017832562954705436
 117 	 5.9441876515684785e-6
 117 	 1.9813958838561595e-7
 117 	 6.604652946187198e-9
 117 	 2.2015509820623995e-10
 117 	 7.338503273541332e-12
 117 	 2.4461677578471105e-13
 117 	 8.153892526157034e-15
 118 	 9.28384659141302
 118 	 0.30946155304710066
 118 	 0.010315385101570021
 118 	 0.00034384617005233406
 118 	 1.1461539001744468e-5
 118 	 3.8205130005814893e-7
 118 	 1.2735043335271632e-8
 118 	 4.245014445090544e-10
 118 	 1.4150048150301814e-11
 118 	 4.716682716767271e-13
 118 	 1.572227572255757e-14
 118 	 5.240758574185857e-16
 118 	 1.746919524728619e-17
 118 	 5.823065082428731e-19
 118 	 1.94102169414291e-20
 118 	 6.4700723138097e-22
 118 	 2.1566907712699e-23
 118 	 7.188969237566333e-25
 118 	 2.3963230791887776e-26
 118 	 7.987743597295926e-28
 118 	 2.662581199098642e-29
 119 	 10.51829172372818
 119 	 0.35060972412427266
 119 	 0.011686990804142422
 119 	 0.00038956636013808075
 119 	 1.2985545337936025e-5
 119 	 4.3285151126453415e-7
 119 	 1.4428383708817805e-8
 119 	 4.809461236272602e-10
 119 	 1.6031537454242004e-11
 119 	 5.343845818080668e-13
 119 	 1.7812819393602227e-14
 119 	 5.937606464534076e-16
 119 	 1.979202154844692e-17
 119 	 6.597340516148974e-19
 119 	 2.1991135053829914e-20
 119 	 7.330378351276638e-22
 119 	 2.443459450425546e-23
 119 	 8.1448648347518205e-25
 119 	 2.714954944917273e-26
 119 	 9.04984981639091e-28
 119 	 3.016616605463637e-29
 119 	 1.005538868487879e-30
 119 	 3.35179622829293e-32
 119 	 1.1172654094309768e-33
 120 	 6.250467157363891
 120 	 0.20834890524546304
 120 	 0.006944963508182102
 120 	 0.00023149878360607004
 120 	 7.716626120202335e-6
 120 	 2.5722087067341115e-7
 120 	 8.574029022447039e-9
 120 	 2.8580096741490127e-10
 120 	 9.526698913830042e-12
 120 	 3.175566304610014e-13
 120 	 1.0585221015366713e-14
 120 	 3.5284070051222376e-16
 120 	 1.1761356683740792e-17
 120 	 3.9204522279135973e-19
 120 	 1.3068174093045325e-20
 120 	 4.356058031015108e-22
 121 	 8.566515346368154
 121 	 0.2855505115456051
 121 	 0.009518350384853503
 121 	 0.0003172783461617834
 121 	 1.0575944872059447e-5
 121 	 3.5253149573531493e-7
 121 	 1.1751049857843832e-8
 121 	 3.917016619281277e-10
 121 	 1.3056722064270923e-11
 121 	 4.352240688090308e-13
 121 	 1.4507468960301027e-14
 121 	 4.835822986767009e-16
 121 	 1.6119409955890028e-17
 121 	 5.373136651963343e-19
 121 	 1.7910455506544476e-20
 121 	 5.970151835514825e-22
 121 	 1.990050611838275e-23
 121 	 6.633502039460917e-25
 121 	 2.2111673464869725e-26
 121 	 7.370557821623242e-28
 122 	 11.59023779630661
 122 	 0.386341259876887
 122 	 0.012878041995896233
 122 	 0.00042926806652987445
 122 	 1.4308935550995815e-5
 122 	 4.769645183665271e-7
 122 	 1.5898817278884238e-8
 122 	 5.299605759628079e-10
 122 	 1.7665352532093597e-11
 122 	 5.8884508440312e-13
 122 	 1.9628169480104e-14
 122 	 6.542723160034666e-16
 122 	 2.1809077200115553e-17
 122 	 7.269692400038517e-19
 122 	 2.423230800012839e-20
 122 	 8.077436000042797e-22
 123 	 11.542225792010624
 123 	 0.3847408597336875
 123 	 0.012824695324456249
 123 	 0.0004274898441485416
 123 	 1.4249661471618053e-5
 123 	 4.749887157206018e-7
 123 	 1.5832957190686727e-8
 123 	 5.277652396895576e-10
 123 	 1.7592174656318585e-11
 123 	 5.864058218772862e-13
 123 	 1.954686072924287e-14
 123 	 6.515620243080957e-16
 123 	 2.1718734143603192e-17
 123 	 7.23957804786773e-19
 123 	 2.4131926826225768e-20
 123 	 8.043975608741923e-22
 123 	 2.6813252029139744e-23
 123 	 8.937750676379915e-25
 123 	 2.979250225459972e-26
 123 	 9.930834084866573e-28
 123 	 3.310278028288858e-29
 123 	 1.1034260094296192e-30
 124 	 23.28323812484741
 124 	 0.7761079374949137
 124 	 0.02587026458316379
 124 	 0.0008623421527721263
 124 	 2.8744738425737543e-5
 124 	 9.581579475245847e-7
 124 	 3.193859825081949e-8
 124 	 1.064619941693983e-9
 124 	 3.548733138979943e-11
 124 	 1.1829110463266477e-12
 124 	 3.9430368210888255e-14
 124 	 1.3143456070296085e-15
 124 	 4.3811520234320286e-17
 124 	 1.4603840078106762e-18
 124 	 4.8679466927022537e-20
 124 	 1.622648897567418e-21
 124 	 5.40882965855806e-23
 124 	 1.802943219519353e-24
 124 	 6.009810731731177e-26
 124 	 2.0032702439103923e-27
 124 	 6.677567479701308e-29
 124 	 2.2258558265671027e-30
 124 	 7.419519421890342e-32
 124 	 2.473173140630114e-33
 125 	 13.00481436898311
 125 	 0.433493812299437
 125 	 0.014449793743314567
 125 	 0.0004816597914438189
 125 	 1.605532638146063e-5
 125 	 5.351775460486877e-7
 125 	 1.7839251534956257e-8
 125 	 5.946417178318752e-10
 125 	 1.982139059439584e-11
 125 	 6.607130198131946e-13
 125 	 2.2023767327106486e-14
 125 	 7.341255775702162e-16
 125 	 2.4470852585673872e-17
 125 	 8.156950861891291e-19
 125 	 2.71898362063043e-20
 125 	 9.063278735434767e-22
 125 	 3.021092911811589e-23
