1 1.2737562656402588
2 1.0581873655319214
3 1.3009581565856934
4 1.2843064069747925
5 1.5533027648925781
6 1.5369256734848022
7 1.6734280586242676
8 1.559941291809082
9 1.4258478879928589
10 1.4345762729644775
11 1.2576746940612793
12 1.1476352214813232
13 1.2065383195877075
14 1.1086922883987427
15 1.01730215549469
16 1.0008792877197266
17 1.1010682582855225
18 0.8917942047119141
19 0.8212974071502686
20 0.7741832733154297
21 0.882809579372406
22 0.9013509154319763
23 0.7476236820220947
24 0.8643017411231995
25 1.139554500579834
26 1.0852797031402588
27 1.3000082969665527
28 1.1918696165084839
29 1.051346778869629
30 0.9473395347595215
31 0.8982728123664856
32 0.7707138657569885
33 0.7658862471580505
34 0.7946049571037292
35 0.9198800325393677
36 0.8701309561729431
37 0.813588559627533
38 0.8099380731582642
39 0.8036577105522156
40 0.7771779894828796
41 0.7405400276184082
42 0.7538354992866516
43 0.8800014853477478
44 0.9975562691688538
45 1.0716464519500732
46 1.10252845287323
47 1.1146403551101685
48 1.0998178720474243
49 1.2657698392868042
50 1.29915452003479
51 1.2298572063446045
52 1.1737253665924072
53 1.1359928846359253
54 1.2019808292388916
55 1.357967734336853
56 1.249192237854004
57 0.9917941093444824
58 0.9660423398017883
59 0.9846020340919495
60 0.966262936592102
61 0.9643921852111816
62 0.9619004726409912
63 1.023494839668274
64 1.1530300378799438
65 1.3766472339630127
66 1.337816834449768
67 1.976929783821106
68 1.897988200187683
69 1.7661216259002686
70 1.7076777219772339
71 1.545271396636963
72 1.5608065128326416
73 1.600980281829834
74 1.6423137187957764
75 1.5676709413528442
76 1.3460062742233276
77 1.3771132230758667
78 1.3956297636032104
79 1.228593111038208
80 1.282748818397522
81 1.4318950176239014
82 1.3507790565490723
83 1.224764347076416
84 1.413436770439148
85 1.5418764352798462
86 1.4094234704971313
87 1.3433650732040405
88 1.3820066452026367
89 1.4752947092056274
90 1.5423269271850586
91 1.5143851041793823
92 1.5783112049102783
93 1.5938361883163452
94 1.5680961608886719
95 1.6280603408813477
96 1.6615614891052246
97 1.7533897161483765
98 1.7664614915847778
99 1.7021889686584473
100 1.6074447631835938
101 1.8813437223434448
102 1.8822259902954102
103 1.752219796180725
104 1.6863536834716797
105 1.5616613626480103
106 1.5485765933990479
107 1.3959589004516602
108 1.3331129550933838
109 1.161357045173645
110 1.150873064994812
111 1.1203869581222534
112 1.0740772485733032
113 1.180324912071228
114 1.3035179376602173
115 1.5049073696136475
116 1.1383028030395508
117 0.9622356295585632
118 0.9160020351409912
119 0.9803429841995239
120 1.0300971269607544
121 1.087462306022644
122 1.179100751876831
123 1.475939393043518
124 1.769806981086731
125 1.8794097900390625
