1 1.39631986618042
2 1.0601297616958618
3 1.1955593824386597
4 0.9540714621543884
5 1.0657124519348145
6 1.0337187051773071
7 0.9838194847106934
8 0.8582409620285034
9 0.9582869410514832
10 0.8468681573867798
11 0.7751703262329102
12 0.8917027115821838
13 0.9306755661964417
14 0.8590535521507263
15 0.8810357451438904
16 0.9950947165489197
17 1.0908876657485962
18 1.0856032371520996
19 1.1714162826538086
20 1.1741786003112793
21 1.240736484527588
22 1.029154896736145
23 0.8938709497451782
24 1.0423134565353394
25 1.068727970123291
26 0.9537866115570068
27 1.1416515111923218
28 0.9845025539398193
29 0.9390368461608887
30 0.9166260957717896
31 0.8641229867935181
32 0.8914114236831665
33 0.8973514437675476
34 0.9178035855293274
35 1.0442900657653809
36 1.0146698951721191
37 0.942118763923645
38 0.8462774753570557
39 0.8182328343391418
40 0.8553184866905212
41 0.9057853817939758
42 0.9295900464057922
43 0.9218971729278564
44 0.9609914422035217
45 0.9370782971382141
46 0.8828191161155701
47 0.9503021240234375
48 1.032070279121399
49 1.0504214763641357
50 1.0060898065567017
51 0.9924728274345398
52 0.9939707517623901
53 1.026315689086914
54 0.9933915138244629
55 0.981332004070282
56 0.9434600472450256
57 0.8777068853378296
58 0.8851443529129028
59 0.9614585638046265
60 0.9097886085510254
61 0.8709185719490051
62 0.8576967716217041
63 0.9501610994338989
64 0.9786319732666016
65 1.0037446022033691
66 0.9264496564865112
67 1.0383497476577759
68 1.0670772790908813
69 1.0277684926986694
70 0.9890875816345215
71 0.9005343914031982
72 1.0362368822097778
73 1.054464340209961
74 1.1463837623596191
75 0.9665864109992981
76 0.8384692668914795
77 0.9587469696998596
78 1.0151547193527222
79 0.9001297354698181
80 0.9445329904556274
81 1.0434768199920654
82 0.9545431733131409
83 0.9791682362556458
84 1.1302118301391602
85 1.167431354522705
86 1.066900372505188
87 1.1057802438735962
88 0.9462874531745911
89 0.9496528506278992
90 0.9926948547363281
91 1.0390846729278564
92 1.0765882730484009
93 1.1307530403137207
94 1.0434906482696533
95 1.107466459274292
96 1.0935254096984863
97 1.2631927728652954
98 1.2785041332244873
99 1.2038767337799072
100 1.194362759590149
101 1.2909595966339111
102 1.2558472156524658
103 1.2455558776855469
104 1.2024563550949097
105 1.0511642694473267
106 1.0574800968170166
107 0.9471313953399658
108 0.9008389711380005
109 0.9018980264663696
110 0.9189186096191406
111 0.9540665745735168
112 0.9348063468933105
113 0.9960495829582214
114 1.097941517829895
115 1.2192851305007935
116 1.3537094593048096
117 0.957247793674469
118 0.9025629162788391
119 0.8649479746818542
120 0.8669317364692688
121 0.8783090114593506
122 0.9394479990005493
123 1.0591797828674316
124 1.1943042278289795
125 1.3874828815460205
