0 3.2671004306742293
1 3.6871958746947575
2 3.3698838006953733
3 2.768432908931037
4 3.265446780304981
5 3.176492405644356
6 3.9139498869295
7 3.541311374201252
8 4.379323915011637
9 4.258005233984641
10 3.4160787933213537
11 3.7254029164438545
12 3.3980992974456674
13 3.3646877767231183
14 3.3928165152192946
15 3.1459989528771772
16 3.6234612756878124
17 3.724054655300237
18 4.0969925651752686
19 3.7646544082705162
20 3.4416937733784683
21 3.773671152848608
22 3.7105608028616754
23 3.8212030736110876
24 3.7354853436175977
25 3.63304848720784
26 3.788610951066055
27 3.5803735869405124
28 3.454572257638523
29 3.6177473368106203
30 3.8388497182198518
31 3.8364320174627684
32 3.84939894170728
33 3.6596281658595116
34 3.6627874464561163
35 3.3102125231281856
36 3.6890037391779678
37 3.629714501075875
38 3.6294535373171755
39 3.4801932005681624
40 3.680292639520248
41 3.8211629153141664
42 3.677589732649455
43 3.4804578129685595
44 3.8534141025009263
45 3.6663529076177284
46 3.283880758195921
47 3.8071818508219706
48 3.741973093969836
49 3.8900010855004914
50 3.5952954028073867
51 3.5915236393004046
52 3.5629144610605983
53 3.5994894128059967
54 3.778956524529579
55 3.693221982312014
56 3.6592561175439626
57 3.629728044432679
58 3.74303325346528
59 3.7046935358754993
60 3.730522402202044
61 3.708344296983853
62 3.6987541600017306
63 3.829118675320251
64 3.659143596335407
65 3.851734915757521
66 3.7103138970901934
67 3.879459457332228
68 3.6995901196320564
69 3.5590615146949482
70 3.734453163202275
71 3.796998186315601
72 3.744982112977054
73 3.85256803999635
74 3.6950318507764974
75 3.7772071551908226
76 3.9139272867959973
77 3.799538740187086
78 3.711249548322986
79 3.8226405231619602
80 3.731083761673348
81 3.6206439285813414
82 3.6385875131248517
83 3.6334240799975834
84 3.682956482266587
85 3.7865672176217022
86 3.9245935343159277
87 3.441136876569989
88 3.8127620194489644
89 3.7295885352381792
90 3.739777910207924
91 3.7063942827438696
92 3.880928965343802
93 3.9361562376539867
94 3.6521867842415174
95 3.782593732400602
96 3.6050401431662626
97 3.667417821066832
98 3.93353573520723
99 3.7261710681463844
