0 2.6470305484540897
1 2.94581826715657
2 2.7212133070500917
3 3.0882350897857913
4 2.6804011302070183
5 3.21286691469866
6 3.107361779157365
7 2.6219671981770247
8 3.127522897483556
9 2.670660580197769
10 2.9446833249948337
11 2.711573521769872
12 2.5754204935271883
13 2.6106450982443934
14 2.7370795533879795
15 3.1452635265323594
16 2.9494397306820064
17 2.733814106525053
18 2.6704041428331635
19 2.550549752790365
20 2.775293306452468
21 2.935965760335308
22 3.0881117938165987
23 2.9242398543977957
24 2.719253317269039
25 2.810692938059885
26 3.015294839385312
27 2.9435454336625035
28 2.7878521209799874
29 2.6993595440150733
30 2.768926707075157
31 2.735941459655056
32 2.5251307175306157
33 3.0870572386771067
34 2.6642974869873677
35 2.776246019706378
36 2.7452445063919027
37 2.5730150634298696
38 2.5538600225593124
39 2.906817723848954
40 2.8737195095704418
41 2.893467158207945
42 2.7204572814900563
43 2.680315236443382
44 2.687659327727838
45 2.6846011902360893
46 2.5978326770278186
47 2.9827264786084338
48 2.873994214521626
49 2.794242087899061
50 2.666121224607921
51 2.868686345680287
52 2.5631152358218587
53 3.1446966232761615
54 3.17991560530219
55 2.9489150386083005
56 2.7899264356254405
57 2.6919197126843315
58 2.7371678215413904
59 3.0487794887304447
60 2.858934459977489
61 2.703006813457644
62 3.1336784577930223
63 2.9402886434494926
64 2.783745350640775
65 2.6414614099717992
66 2.9214536551216783
67 2.8984371318499846
68 3.205122584582161
69 2.7834021590892655
70 3.1685634143870565
71 3.016125357864111
72 2.5332595607838115
73 2.914836399486758
74 2.73998853821197
75 2.7472826319248322
76 2.6934310445377845
77 3.104644093498925
78 2.892325408198063
79 2.6882769290479045
80 2.7020574211726642
81 2.579140784741344
82 2.8618126160241713
83 2.7718678660814646
84 2.814982423045507
85 2.658200928008359
86 2.9952236830681134
87 2.6777818433209406
88 2.8399204301170355
89 2.686066501121872
90 2.8358255376577866
91 2.704455710770042
92 3.217769432826853
93 2.7612779639676512
94 2.6427995049326354
95 2.6464865981103793
96 2.8048731717464364
97 2.612779298142014
98 2.9758850216969774
99 2.6499651366488055
