1 2.19201397895813
2 1.8728605508804321
3 2.027743101119995
4 1.670027256011963
5 1.7388280630111694
6 1.6990872621536255
7 1.997192621231079
8 1.8656940460205078
9 2.088358163833618
10 1.923596978187561
11 1.3628337383270264
12 1.231505036354065
13 1.3110769987106323
14 1.265120029449463
15 1.1106046438217163
16 1.27230703830719
17 1.4869682788848877
18 1.2431972026824951
19 1.3707891702651978
20 1.431519627571106
21 1.5492421388626099
22 1.2491360902786255
23 1.2038952112197876
24 1.4465367794036865
25 1.6455594301223755
26 1.4100661277770996
27 1.6481207609176636
28 1.3573259115219116
29 1.0823445320129395
30 0.9729307293891907
31 0.8498979806900024
32 0.838284969329834
33 0.8747180104255676
34 0.9917824864387512
35 1.2111644744873047
36 1.2945712804794312
37 1.0851999521255493
38 1.0598649978637695
39 1.01488196849823
40 1.027721643447876
41 1.0398883819580078
42 1.030908465385437
43 1.1757864952087402
44 1.446612000465393
45 1.4178558588027954
46 1.2733696699142456
47 1.5978538990020752
48 2.1683554649353027
49 2.445917844772339
50 2.2709593772888184
51 2.4702911376953125
52 2.0322329998016357
53 2.0191164016723633
54 1.9487495422363281
55 2.053473711013794
56 1.7464934587478638
57 1.5120646953582764
58 1.525585651397705
59 1.5319852828979492
60 1.298945665359497
61 1.1120622158050537
62 0.9749135971069336
63 1.1154310703277588
64 1.1909512281417847
65 1.2454780340194702
66 1.1220147609710693
67 1.3683702945709229
68 1.5998222827911377
69 1.5393764972686768
70 1.345870852470398
71 1.6106560230255127
72 1.6873847246170044
73 1.6926343441009521
74 1.4688611030578613
75 1.1729282140731812
76 1.1116974353790283
77 1.3150712251663208
78 1.2958227396011353
79 1.1072100400924683
80 1.3748514652252197
81 1.564626693725586
82 1.393765926361084
83 1.3848145008087158
84 1.713147759437561
85 1.738481879234314
86 1.594571828842163
87 1.382094383239746
88 1.1455130577087402
89 1.0471556186676025
90 1.1920448541641235
91 1.2233405113220215
92 1.1910136938095093
93 1.1515178680419922
94 1.1508755683898926
95 1.1619168519973755
96 1.1316213607788086
97 1.3212274312973022
98 1.6098976135253906
99 2.0119035243988037
100 1.8913382291793823
101 1.8390512466430664
102 1.3848497867584229
103 1.3348454236984253
104 1.3340173959732056
105 1.2014156579971313
106 1.1697674989700317
107 0.9645208716392517
108 0.9927499890327454
109 0.9315243363380432
110 0.9572335481643677
111 1.0006083250045776
112 1.1425139904022217
113 1.4201991558074951
114 2.260279417037964
115 1.8098174333572388
116 1.523741602897644
117 1.146642804145813
118 0.9558891654014587
119 0.8665692806243896
120 0.8683809041976929
121 0.928113579750061
122 1.0244544744491577
123 1.1434606313705444
124 1.633710503578186
125 2.0919101238250732
