1 1.2497812509536743
2 1.1580699682235718
3 1.3203184604644775
4 1.163206696510315
5 1.1547832489013672
6 0.9469846487045288
7 1.0995234251022339
8 1.1134669780731201
9 1.2421177625656128
10 1.316162347793579
11 1.1194249391555786
12 1.141430377960205
13 1.3552651405334473
14 1.3420381546020508
15 1.2407475709915161
16 1.5342426300048828
17 1.3918616771697998
18 1.258156657218933
19 1.3664438724517822
20 1.4124447107315063
21 1.5620574951171875
22 1.3951905965805054
23 0.9958590865135193
24 1.0130832195281982
25 1.084369421005249
26 0.9305046796798706
27 0.8704459071159363
28 0.6868013143539429
29 0.6473270654678345
30 0.7202585935592651
31 0.7411172389984131
32 0.8626389503479004
33 0.9641278982162476
34 1.1470439434051514
35 1.2325857877731323
36 1.2453279495239258
37 1.0512136220932007
38 1.0977675914764404
39 0.9795070290565491
40 1.0726577043533325
41 0.967889130115509
42 0.824905276298523
43 0.8164640069007874
44 0.8345238566398621
45 0.7161118984222412
46 0.631731390953064
47 0.7283419370651245
48 0.757434606552124
49 0.7060487866401672
50 0.6875718235969543
51 0.8125649094581604
52 0.8588417172431946
53 1.0815681219100952
54 1.0428258180618286
55 1.2192617654800415
56 1.3188858032226563
57 1.0900005102157593
58 1.084800362586975
59 1.1750361919403076
60 1.130875825881958
61 1.080585241317749
62 0.935414731502533
63 1.0267770290374756
64 1.1520147323608398
65 1.1118049621582031
66 0.9100001454353333
67 1.11175537109375
68 1.2808603048324585
69 0.8491118550300598
70 0.837929368019104
71 0.9430553913116455
72 1.1174492835998535
73 1.1974000930786133
74 1.0350873470306396
75 0.8829830884933472
76 0.9240506887435913
77 1.1450743675231934
78 1.122366189956665
79 0.9518358707427979
80 1.1938714981079102
81 1.2847237586975098
82 1.0831176042556763
83 1.2123321294784546
84 1.4211764335632324
85 1.2803170680999756
86 1.133575677871704
87 1.0718480348587036
88 0.9402179718017578
89 0.859606146812439
90 0.9615208506584167
91 0.7580053806304932
92 0.6689653396606445
93 0.670100212097168
94 0.698844850063324
95 0.817243218421936
96 0.7892534732818604
97 0.9962003827095032
98 1.0610458850860596
99 1.3301855325698853
100 1.285293698310852
101 1.3506108522415161
102 1.1324464082717896
103 0.9240542054176331
104 0.8360512852668762
105 0.6585664749145508
106 0.5945242643356323
107 0.5612801313400269
108 0.6659460067749023
109 0.72589510679245
110 0.8278889060020447
111 0.8646332025527954
112 1.0425256490707397
113 1.303160309791565
114 1.3408288955688477
115 1.3538823127746582
116 1.3737040758132935
117 1.1473888158798218
118 0.9373250007629395
119 0.8175858855247498
120 0.6761676073074341
121 0.628690242767334
122 0.5789995789527893
123 0.6456882953643799
124 0.7189560532569885
125 0.9363608360290527
