1 2.3286421298980713
2 2.1962671279907227
3 2.4294564723968506
4 1.9840205907821655
5 1.791235089302063
6 1.492438793182373
7 1.69301438331604
8 1.7256312370300293
9 1.9782960414886475
10 1.941785454750061
11 1.5395894050598145
12 1.551164984703064
13 1.8662370443344116
14 1.7696526050567627
15 1.7192600965499878
16 1.9460151195526123
17 1.8614896535873413
18 1.7504725456237793
19 1.855318546295166
20 1.6056939363479614
21 2.0333662033081055
22 2.037808418273926
23 1.5193392038345337
24 1.707039713859558
25 2.1183741092681885
26 1.6945503950119019
27 1.5604681968688965
28 1.3494848012924194
29 1.2458237409591675
30 1.1964315176010132
31 1.1895241737365723
32 1.2405742406845093
33 1.2761908769607544
34 1.330210566520691
35 1.4362356662750244
36 1.4738528728485107
37 1.244937777519226
38 1.2523727416992188
39 1.210831880569458
40 1.2614364624023438
41 1.2516740560531616
42 1.204980492591858
43 1.32990300655365
44 1.4929747581481934
45 1.398612141609192
46 1.3065162897109985
47 1.534203052520752
48 1.866454839706421
49 2.394432783126831
50 2.2620503902435303
51 1.9979829788208008
52 1.7568964958190918
53 1.5441510677337646
54 1.4569358825683594
55 1.424094557762146
56 1.5048613548278809
57 1.4456887245178223
58 1.5368188619613647
59 1.5717592239379883
60 1.405105471611023
61 1.289805293083191
62 1.1753555536270142
63 1.3271723985671997
64 1.5908335447311401
65 1.6103944778442383
66 1.3771589994430542
67 1.4717046022415161
68 1.8280768394470215
69 1.5167770385742188
70 1.233445405960083
71 1.4559839963912964
72 1.365312933921814
73 1.8097058534622192
74 1.8405078649520874
75 1.287999153137207
76 1.247841715812683
77 1.448575735092163
78 1.3386272192001343
79 1.3014085292816162
80 1.4062234163284302
81 1.4055354595184326
82 1.3900954723358154
83 1.4498841762542725
84 1.5455808639526367
85 1.518677830696106
86 1.5375083684921265
87 1.4138063192367554
88 1.3830105066299438
89 1.3433806896209717
90 1.3761792182922363
91 1.458898901939392
92 1.4071762561798096
93 1.3533514738082886
94 1.3767577409744263
95 1.4646313190460205
96 1.6527541875839233
97 2.078465700149536
98 2.7697346210479736
99 2.8280534744262695
100 2.216127634048462
101 1.7656011581420898
102 1.5380858182907104
103 1.3483859300613403
104 1.266655445098877
105 1.2294944524765015
106 1.2128764390945435
107 1.1895959377288818
108 1.2209702730178833
109 1.2128031253814697
110 1.2439075708389282
111 1.284165382385254
112 1.326567530632019
113 1.4379267692565918
114 1.8321810960769653
115 1.8232494592666626
116 1.767580509185791
117 1.4999908208847046
118 1.3508336544036865
119 1.226235270500183
120 1.216701865196228
121 1.1832798719406128
122 1.231453776359558
123 1.1959638595581055
124 1.2139768600463867
125 1.18903386592865
