1 3.41447377204895
2 3.024536609649658
3 3.4074976444244385
4 2.591637134552002
5 2.310523271560669
6 2.0793731212615967
7 2.9043941497802734
8 1.781236171722412
9 1.6226575374603271
10 1.3920063972473145
11 1.250613808631897
12 1.1691021919250488
13 1.2864570617675781
14 1.3378572463989258
15 1.2108880281448364
16 1.3483672142028809
17 1.5367176532745361
18 1.484668254852295
19 1.6169499158859253
20 1.6596349477767944
21 1.914838194847107
22 1.6537142992019653
23 1.2754292488098145
24 1.8776792287826538
25 2.208730936050415
26 1.8148542642593384
27 2.0980002880096436
28 1.5345498323440552
29 1.2131098508834839
30 0.9541301131248474
31 0.8887394666671753
32 0.9039116501808167
33 0.9954128861427307
34 1.177878975868225
35 1.3327964544296265
36 1.538098692893982
37 1.322267770767212
38 1.3980834484100342
39 1.2729014158248901
40 1.2760740518569946
41 1.278214931488037
42 1.360921025276184
43 1.4632405042648315
44 1.820084571838379
45 1.9544117450714111
46 1.8064547777175903
47 2.0348594188690186
48 2.46178936958313
49 2.6468868255615234
50 2.638383150100708
51 2.579427719116211
52 2.2277228832244873
53 2.0948684215545654
54 1.8541842699050903
55 1.9389957189559937
56 2.037858247756958
57 1.7935377359390259
58 1.7167989015579224
59 1.906303882598877
60 1.6897238492965698
61 1.4277284145355225
62 1.1388260126113892
63 1.2001558542251587
64 1.3988277912139893
65 1.6119170188903809
66 1.5234535932540894
67 1.6929421424865723
68 1.6941593885421753
69 1.3272452354431152
70 1.148909091949463
71 1.3477809429168701
72 1.4249470233917236
73 1.702927827835083
74 1.6066563129425049
75 1.2019182443618774
76 1.1273524761199951
77 1.3072479963302612
78 1.245769739151001
79 1.0941476821899414
80 1.3088704347610474
81 1.565850853919983
82 1.4901387691497803
83 1.5097366571426392
84 1.8459458351135254
85 1.9895185232162476
86 1.807102084159851
87 1.6522717475891113
88 1.3041764497756958
89 1.2814096212387085
90 1.207443118095398
91 1.1973148584365845
92 1.1426897048950195
93 1.1061803102493286
94 0.9674275517463684
95 1.0428375005722046
96 1.1726415157318115
97 1.4848875999450684
98 1.8065955638885498
99 2.2487456798553467
100 1.9899007081985474
101 1.8670501708984375
102 1.4565478563308716
103 1.4655672311782837
104 1.25466787815094
105 1.0455373525619507
106 1.0537470579147339
107 0.9347333312034607
108 0.987966001033783
109 0.9763347506523132
110 1.0829441547393799
111 1.1555806398391724
112 1.55246102809906
113 2.3897857666015625
114 2.7713963985443115
115 2.5046470165252686
116 2.5888211727142334
117 1.5132287740707397
118 0.9114295840263367
119 0.8427121043205261
120 0.810802161693573
121 0.8927454352378845
122 0.9567354917526245
123 1.045562505722046
124 1.3814200162887573
125 1.929352045059204
