1 2.054292917251587
2 1.9887609481811523
3 2.0591256618499756
4 1.9632847309112549
5 1.6308094263076782
6 1.504715085029602
7 1.9910638332366943
8 1.843111515045166
9 2.0496127605438232
10 2.170628309249878
11 1.80868661403656
12 1.9050027132034302
13 2.261509895324707
14 2.098050117492676
15 2.058164358139038
16 2.4678053855895996
17 2.459618091583252
18 2.205292224884033
19 2.353839159011841
20 2.323394298553467
21 2.408071994781494
22 2.1340889930725098
23 1.7673747539520264
24 1.8564321994781494
25 1.8968600034713745
26 1.6167408227920532
27 1.514769434928894
28 1.291764736175537
29 1.246282696723938
30 1.249258279800415
31 1.1511220932006836
32 1.1743018627166748
33 1.1000616550445557
34 1.2590280771255493
35 1.3231480121612549
36 1.4403225183486938
37 1.3046069145202637
38 1.275782823562622
39 1.2321406602859497
40 1.3087407350540161
41 1.4264566898345947
42 1.442038893699646
43 1.4877886772155762
44 1.5335278511047363
45 1.4350236654281616
46 1.2312095165252686
47 1.3425630331039429
48 1.4026161432266235
49 1.2832547426223755
50 1.3592190742492676
51 1.5947725772857666
52 1.544743537902832
53 1.6955103874206543
54 1.8605302572250366
55 2.041579246520996
56 1.8753957748413086
57 1.6465367078781128
58 1.657939076423645
59 1.5461500883102417
60 1.532059907913208
61 1.4303874969482422
62 1.284802794456482
63 1.4833152294158936
64 1.7821348905563354
65 1.9767389297485352
66 1.7970528602600098
67 2.0924856662750244
68 2.1177332401275635
69 1.9519422054290771
70 1.7780736684799194
71 1.7920435667037964
72 1.9207994937896729
73 1.9709490537643433
74 1.7245947122573853
75 1.4026333093643188
76 1.3363789319992065
77 1.5321279764175415
78 1.4568268060684204
79 1.2597136497497559
80 1.3189022541046143
81 1.4931601285934448
82 1.4170420169830322
83 1.3580321073532104
84 1.55972421169281
85 1.6703609228134155
86 1.579227328300476
87 1.5874252319335938
88 1.4111685752868652
89 1.4196691513061523
90 1.4013949632644653
91 1.3149901628494263
92 1.3087916374206543
93 1.2677438259124756
94 1.271476149559021
95 1.3249417543411255
96 1.3580108880996704
97 1.4415603876113892
98 1.5129343271255493
99 1.6836897134780884
100 1.7039880752563477
101 1.7808055877685547
102 1.554786205291748
103 1.382527470588684
104 1.268456220626831
105 1.1019814014434814
106 1.112054467201233
107 1.0749057531356812
108 1.1486035585403442
109 1.1493865251541138
110 1.2444140911102295
111 1.3408080339431763
112 1.5042214393615723
113 1.752880334854126
114 2.314929485321045
115 1.992418885231018
116 1.6137775182724
117 1.273813009262085
118 1.135328769683838
119 1.129531979560852
120 1.0726242065429688
121 1.1054247617721558
122 1.035780429840088
123 1.0920071601867676
124 1.4116742610931396
125 1.5742236375808716
