1 3.152994155883789
2 2.786749839782715
3 2.5694918632507324
4 2.005819082260132
5 1.6055701971054077
6 1.324255347251892
7 1.7735739946365356
8 1.4935426712036133
9 1.4887745380401611
10 1.643355131149292
11 1.5265036821365356
12 1.6810657978057861
13 1.859260082244873
14 1.8528203964233398
15 1.9091241359710693
16 2.2374727725982666
17 2.464240789413452
18 2.4593236446380615
19 2.72167706489563
20 2.3927440643310547
21 2.4768407344818115
22 2.343193769454956
23 2.0165445804595947
24 2.0508105754852295
25 2.2873549461364746
26 1.8677465915679932
27 1.8927854299545288
28 1.4375953674316406
29 1.3268874883651733
30 1.2517297267913818
31 1.2444398403167725
32 1.4932340383529663
33 1.5794025659561157
34 1.9410935640335083
35 2.2310142517089844
36 1.8189997673034668
37 1.611687421798706
38 1.6560633182525635
39 1.5678682327270508
40 1.8597655296325684
41 1.7517529726028442
42 1.6156399250030518
43 1.7260544300079346
44 1.9588744640350342
45 1.7716683149337769
46 1.5286171436309814
47 1.8787578344345093
48 2.1723763942718506
49 2.1000208854675293
50 1.9766465425491333
51 2.2497458457946777
52 2.0433764457702637
53 2.132571220397949
54 1.7641791105270386
55 2.337745189666748
56 2.2104556560516357
57 1.7296606302261353
58 1.9172269105911255
59 1.8895512819290161
60 1.6179304122924805
61 1.5107853412628174
62 1.3250436782836914
63 1.4425318241119385
64 1.6128177642822266
65 1.4813045263290405
66 1.3910858631134033
67 1.6934818029403687
68 1.9344879388809204
69 1.7420432567596436
70 1.5318039655685425
71 1.8024606704711914
72 1.6819926500320435
73 2.0496973991394043
74 1.7205018997192383
75 1.2355899810791016
76 1.403098464012146
77 1.7739187479019165
78 1.6635704040527344
79 1.5440911054611206
80 1.8042652606964111
81 2.0194509029388428
82 1.7654157876968384
83 2.012946128845215
84 2.468041181564331
85 2.421048402786255
86 2.2687206268310547
87 1.9369301795959473
88 1.6460853815078735
89 1.436657190322876
90 1.326981782913208
91 1.1912039518356323
92 1.3130111694335938
93 1.4936274290084839
94 1.4929875135421753
95 1.7468256950378418
96 1.806797981262207
97 2.194350242614746
98 2.4080729484558105
99 2.65293025970459
100 2.668245792388916
101 2.702881097793579
102 2.32620906829834
103 2.1038146018981934
104 1.8616764545440674
105 1.6246839761734009
106 1.3146450519561768
107 1.0142788887023926
108 0.9624220728874207
109 1.053131103515625
110 1.20050048828125
111 1.4828054904937744
112 1.683037281036377
113 2.061947822570801
114 2.608170986175537
115 2.6524384021759033
116 2.348111867904663
117 2.0897185802459717
118 1.5579891204833984
119 1.218880534172058
120 1.0366203784942627
121 0.9617137908935547
122 1.0826307535171509
123 1.4329087734222412
124 1.8252416849136353
125 2.1394271850585938
