1 2.7950809001922607
2 2.1496565341949463
3 1.8496906757354736
4 1.7136390209197998
5 1.6356114149093628
6 1.566247820854187
7 1.6400216817855835
8 1.6031596660614014
9 1.6903879642486572
10 1.7280646562576294
11 1.5874850749969482
12 1.6561415195465088
13 1.887709617614746
14 1.9320728778839111
15 1.7226920127868652
16 1.9738374948501587
17 2.113999128341675
18 2.02970814704895
19 2.244126319885254
20 2.1765239238739014
21 2.353424310684204
22 2.156881332397461
23 1.775232195854187
24 1.8305511474609375
25 1.9967890977859497
26 1.7120530605316162
27 1.6546252965927124
28 1.4623193740844727
29 1.340423822402954
30 1.2939444780349731
31 1.1680333614349365
32 1.0736020803451538
33 1.1325535774230957
34 1.2895382642745972
35 1.494913935661316
36 1.4587491750717163
37 1.339197039604187
38 1.2880741357803345
39 1.2255457639694214
40 1.233589768409729
41 1.2733566761016846
42 1.3538179397583008
43 1.5391279458999634
44 1.6936373710632324
45 1.6094733476638794
46 1.4199397563934326
47 1.6483527421951294
48 2.006823778152466
49 2.049618721008301
50 2.0268614292144775
51 1.970069408416748
52 1.7656296491622925
53 1.8353577852249146
54 1.7242083549499512
55 1.7747257947921753
56 1.837780475616455
57 1.647301197052002
58 1.5353877544403076
59 1.495977520942688
60 1.520389437675476
61 1.4389322996139526
62 1.3624486923217773
63 1.4869930744171143
64 1.5899592638015747
65 1.6191272735595703
66 1.5797460079193115
67 1.737174153327942
68 1.8840835094451904
69 1.7493236064910889
70 1.520337700843811
71 1.5000334978103638
72 1.7744419574737549
73 1.7327021360397339
74 2.017913579940796
75 1.7487550973892212
76 1.602832317352295
77 1.729443073272705
78 1.8674365282058716
79 1.5569733381271362
80 1.7265068292617798
81 2.000903606414795
82 1.6889909505844116
83 1.63887357711792
84 1.9811359643936157
85 2.021620988845825
86 1.748914361000061
87 1.7599701881408691
88 1.5039851665496826
89 1.5326433181762695
90 1.3889131546020508
91 1.4629511833190918
92 1.4798228740692139
93 1.480154275894165
94 1.4665899276733398
95 1.54530930519104
96 1.541633129119873
97 1.674087405204773
98 2.0346574783325195
99 2.197356939315796
100 1.9532520771026611
101 1.9110114574432373
102 1.8195301294326782
103 1.6549197435379028
104 1.660109281539917
105 1.4729057550430298
106 1.4669963121414185
107 1.3155068159103394
108 1.2947522401809692
109 1.2326945066452026
110 1.3292348384857178
111 1.3041863441467285
112 1.3230128288269043
113 1.719629168510437
114 1.4922338724136353
115 1.633508563041687
116 1.4763416051864624
117 1.201818823814392
118 1.121760368347168
119 1.1052218675613403
120 1.1075818538665771
121 1.2143466472625732
122 1.2691738605499268
123 1.451056718826294
124 1.6505898237228394
125 1.947205662727356
