1 1.1464494466781616
2 1.0623884201049805
3 1.3528324365615845
4 1.1052403450012207
5 1.064366102218628
6 0.861663281917572
7 1.0847759246826172
8 0.957958459854126
9 1.0429800748825073
10 1.0626956224441528
11 0.8765758872032166
12 0.908191978931427
13 1.0533286333084106
14 1.0279985666275024
15 0.9539499878883362
16 1.0839242935180664
17 1.2743767499923706
18 1.1835682392120361
19 1.2735857963562012
20 1.2800915241241455
21 1.2316948175430298
22 1.0652320384979248
23 0.9313225746154785
24 0.8758259415626526
25 0.9287887215614319
26 0.7997643351554871
27 0.8047211170196533
28 0.6746094226837158
29 0.6235669851303101
30 0.74396151304245
31 0.8195701241493225
32 0.9513872861862183
33 1.0431463718414307
34 1.2868320941925049
35 1.536167860031128
36 1.467755913734436
37 1.2247254848480225
38 1.2026039361953735
39 1.0777106285095215
40 1.18085777759552
41 1.0511665344238281
42 0.9188110828399658
43 0.8035021424293518
44 0.8040465712547302
45 0.6691770553588867
46 0.6332175135612488
47 0.7118154168128967
48 0.724999725818634
49 0.750239372253418
50 0.7285258769989014
51 0.8150431513786316
52 0.8760077953338623
53 0.9490237236022949
54 1.032545566558838
55 1.332229495048523
56 1.3077903985977173
57 1.1136528253555298
58 1.1634540557861328
59 1.2759156227111816
60 1.2227838039398193
61 1.1850311756134033
62 1.0458946228027344
63 1.0707017183303833
64 1.2303768396377563
65 1.1360750198364258
66 0.9984906911849976
67 1.2514785528182983
68 1.3883898258209229
69 1.0683822631835938
70 0.9711790084838867
71 1.1952018737792969
72 1.2375422716140747
73 1.2058823108673096
74 1.120024561882019
75 0.9939720034599304
76 1.042007327079773
77 1.1704583168029785
78 1.1210870742797852
79 1.0418246984481812
80 1.2235461473464966
81 1.397416591644287
82 1.2775397300720215
83 1.3237217664718628
84 1.4983999729156494
85 1.5313608646392822
86 1.424625277519226
87 1.325758934020996
88 1.0983585119247437
89 0.9784126281738281
90 0.9459784626960754
91 0.8755148649215698
92 0.9590043425559998
93 0.930764377117157
94 0.9478491544723511
95 1.0313940048217773
96 1.1596646308898926
97 1.5552868843078613
98 2.1393959522247314
99 2.534057140350342
100 2.019608974456787
101 1.6009036302566528
102 1.1871745586395264
103 0.840316891670227
104 0.7826662063598633
105 0.6974684596061707
106 0.7358028888702393
107 0.736925482749939
108 0.7133022546768188
109 0.8247143626213074
110 0.8946627974510193
111 0.9843623638153076
112 1.0303046703338623
113 1.1601487398147583
114 1.3002982139587402
115 1.4984298944473267
116 1.3753713369369507
117 1.1868292093276978
118 0.9842936396598816
119 0.8381164073944092
120 0.7475982904434204
121 0.6587803959846497
122 0.625700831413269
123 0.6134119629859924
124 0.7131503820419312
125 0.9580989480018616
