0 5.30413008394251
1 5.1644340915063705
2 4.514064824847593
3 5.506970097017887
4 6.028398862344831
5 5.245264816424218
6 4.550540374079184
7 5.581406853760537
8 5.84262736738244
9 4.819748256005026
10 3.44874292306723
11 3.9600545789213726
12 3.829209371211254
13 3.703531533779576
14 3.551710916235431
15 3.5366815994412626
16 3.4994687190747475
17 3.6968275977730234
18 3.678669565228478
19 3.691712970994379
20 3.788475825628538
21 3.6302579401623705
22 3.702253806855971
23 3.4428826722332793
24 3.772770264430494
25 3.716221688894673
26 3.6254202797561175
27 3.7331662904848164
28 3.71508295216649
29 3.740126288970713
30 3.81781509258117
31 3.4573352964816717
32 3.7388111595584475
33 3.756350061263184
34 3.568597964181283
35 3.7539898788220483
36 3.715077611809793
37 3.70528304000794
38 3.3452561376704084
39 3.568464044924622
40 3.4749508923389576
41 3.689317351648094
42 3.73987620980553
43 3.656459454265994
44 3.4950376344109273
45 3.567040285538149
46 3.809403920865807
47 3.4642521152909977
48 3.4998609736826016
49 3.3745168148948474
50 3.6620190219919047
51 3.630730137216058
52 3.8879517023959878
53 3.336757622287048
54 3.7005859590243837
55 3.4605315188288013
56 3.146196516193811
57 3.680425949176741
58 3.599552859333123
59 3.6001062409737976
60 3.7709732259089805
61 3.697523247787658
62 3.4464156075549264
63 3.3354570801988492
64 3.607030622978593
65 3.6334401082772385
66 3.618889109381159
67 3.555140088784098
68 3.5846330993709747
69 3.664594750998844
70 3.8046522342407303
71 3.7029863789346376
72 3.5534664233012
73 3.7931029303490997
74 3.424245292821002
75 3.4482251727986766
76 3.590680010495293
77 3.8451720020458326
78 3.7475417653439833
79 3.6951659689196092
80 3.7892950433934467
81 3.917356104004278
82 3.485614654731364
83 3.5728573000226733
84 3.328194504918424
85 3.5059134920523967
86 3.746039533840176
87 3.386919372293647
88 3.752977116388802
89 3.4933634814646757
90 3.4271437068157105
91 3.6376542867110815
92 3.7078795149531407
93 3.1859831844488435
94 3.645497665249899
95 3.699244973605251
96 3.4709838355469946
97 3.132181219446265
98 3.7635647120180526
99 3.572859095128465
