0 2.742239698112324
1 2.7318183577377653
2 2.8202583062647335
3 2.6660101130786567
4 3.2580131790322433
5 3.0955523436290933
6 3.3489838922754456
7 3.5976374374926645
8 2.990711185677826
9 2.9041619324997043
10 2.9373691542467744
11 3.240428300321751
12 3.2414576619322353
13 3.1051408249505865
14 2.724953585320016
15 2.6760469835869696
16 2.8521745040622535
17 3.128125559616021
18 2.8474093959656255
19 2.699147686830033
20 2.555890178377596
21 3.1934131271720543
22 3.427055119271768
23 3.4399704019892132
24 3.014551286928585
25 3.0440399310596526
26 3.6137184235489856
27 3.3692331721248614
28 3.318638540978023
29 3.5592790866546515
30 3.746415812086528
31 3.48423140876976
32 3.5142103085536673
33 3.3446838885684027
34 3.776180131894654
35 3.512538412175412
36 3.54466990073054
37 3.174582728289262
38 3.1769854440847034
39 3.203882252748384
40 3.012621384726077
41 4.887289875132191
42 5.126625007602759
43 5.069893233296098
44 5.073760195939667
45 6.101372254918647
46 6.096795498689099
47 4.927634852868839
48 4.632421372377463
49 5.398555729754162
50 5.208882523991313
51 5.108144826860668
52 4.059374564118445
53 4.233889792066981
54 5.497399272807187
55 5.3929399189565705
56 5.096301798831858
57 4.854258999071316
58 4.513963270314152
59 4.688516085394074
60 4.441185046930979
61 5.697097428381419
62 5.623308168578575
63 5.742912544755013
64 4.37222050629271
65 4.980166332809354
66 5.862161591310443
67 5.563260281560233
68 5.414176202368522
69 5.4157400468061265
70 4.5408703463255025
71 5.63367089130385
72 4.77250429979871
73 5.727562886039852
74 5.471246849382223
75 5.563836827367391
76 4.79609842844852
77 5.216776176444426
78 3.444474998531836
79 3.1148707204945802
80 2.74621267122711
81 2.565843918136904
82 2.7789259130341253
83 3.077555980893999
84 2.9650969124377666
85 4.66556720499023
86 3.8043505802630633
87 5.348350903708937
88 5.482603427474332
89 3.973927100588947
90 3.9260656097868174
91 4.81053066794584
92 2.821428211745439
93 4.251163919270229
94 4.588111333164513
95 4.645975424454848
96 4.806927607667062
97 4.366904896793947
98 4.441722842893262
99 4.531707925091602
