0 2.5904296331155336
1 2.596686843763609
2 2.5809888635347016
3 2.6338237623023457
4 2.507254661848598
5 2.5623542034417564
6 2.565583841311719
7 2.7370063022990863
8 2.7474994511101163
9 2.6379744065553816
10 2.433160943685602
11 2.571524862665581
12 2.667570538626093
13 2.73908122303546
14 3.0370136031085933
15 2.758062738459359
16 2.709782387112809
17 3.0411663858134443
18 2.668976160845479
19 2.9796301094663
20 3.107460540627174
21 2.5859590428114223
22 2.6528687226091647
23 2.644350377633758
24 2.7069708847522027
25 2.6022075062486785
26 2.738966449802525
27 2.7784914342408915
28 2.7238351130913516
29 2.931921083894445
30 2.64879581745996
31 2.7885233778913046
32 3.114853524202452
33 2.737146397718083
34 2.887599985568393
35 3.015599363334495
36 2.862322785522155
37 3.0468516347194967
38 3.5723589655492924
39 3.375774981305219
40 2.940201479535741
41 2.5553973050278564
42 2.6466007928120225
43 3.4865510951061442
44 2.8974189021765446
45 3.4951704412685918
46 3.000045946829734
47 2.805017935268439
48 2.717080613925641
49 2.711735925181948
50 3.024757546551354
51 3.1214834019098228
52 3.445628547986551
53 3.0792999918363737
54 2.600030065474766
55 2.7547785178834094
56 2.9578756186498394
57 2.610503964649836
58 2.5676113856240796
59 2.5390720295087945
60 2.633337882055321
61 2.7407006099994646
62 3.1284633252057876
63 2.630842343651057
64 3.0128829771409458
65 2.918365382912263
66 3.1302872651264235
67 3.018522486842007
68 2.8622686677877
69 2.775392090325086
70 3.145804008976212
71 2.592060776453019
72 2.510109024721073
73 2.5989543761179026
74 2.706195943142153
75 2.864887236093659
76 2.5332031106916606
77 2.557849523503775
78 2.781207835471171
79 2.8082485996422304
80 2.586190047906196
81 2.8948251399255933
82 2.630317825455997
83 2.6766928079490753
84 2.640936830575242
85 2.7260067839078657
86 2.561272213134232
87 2.606605839674984
88 2.8426147368503454
89 2.7014984897093703
90 2.8476498631533413
91 2.6403172486815563
92 2.801605904095543
93 2.6809940165315043
94 2.69914683513324
95 2.7367259750337816
96 2.704789131638522
97 2.6743329050299813
98 2.7805183040437647
99 2.6261727727620836
