0 3.9527294676283637
1 3.1202582935975642
2 3.6191500014552025
3 4.181512938086654
4 5.441390044992823
5 5.037108105238921
6 5.899468182064325
7 5.510154510695004
8 5.550383954482853
9 5.6767359072666155
10 5.582145709517725
11 5.70865944264582
12 6.117983252128741
13 5.219302745881155
14 3.83604164583109
15 4.528815054346258
16 4.435976668485675
17 4.18162171696675
18 5.254836198496244
19 5.7495584730488
20 5.780815350503754
21 6.531054130588709
22 7.392078020628574
23 10.822599419113427
24 11.441067859037945
25 12.219875471274092
26 11.825909299348291
27 10.951535439882436
28 10.265209949167255
29 10.388545862038592
30 10.801781894507084
31 9.926860706198728
32 8.841432410003677
33 10.621244308186856
34 10.099846657799887
35 9.558283656303198
36 10.391771424090557
37 10.31065210852131
38 9.934756355917704
39 8.59900656257308
40 9.162793341179661
41 7.726573946148249
42 7.134361752072058
43 10.274638951569951
44 10.714021197178546
45 10.815874750616034
46 11.44098733992047
47 9.578112976592758
48 10.770620791280818
49 10.506851005860012
50 12.518764694991537
51 11.720967568899257
52 10.552633298292415
53 11.620002042387705
54 10.242059333321361
55 10.111169287177173
56 11.972480916504127
57 10.580621662255865
58 11.138994261171083
59 11.42954565802259
60 9.500143854478214
61 9.56096681567038
62 8.898561330338623
63 8.12432085930749
64 8.029873136258107
65 8.950656365463434
66 8.651194454061237
67 9.626025232512966
68 8.874063637205753
69 9.151581261700155
70 8.824017571479944
71 7.648313379574742
72 8.195270091637639
73 7.349760313531614
74 8.039698487937017
75 8.960381623703107
76 9.081586554650709
77 8.469336041545022
78 7.091471974362892
79 7.610777373577495
80 6.819020387819744
81 7.935389708814572
82 8.064820039195558
83 7.251954552606814
84 8.868505192752064
85 7.455271637774254
86 10.033171185966157
87 9.137109605885062
88 8.02119552260053
89 7.185177622826415
90 7.200099888743945
91 8.118117498310601
92 8.841280619488922
93 7.755963161073715
94 7.7068112970115745
95 6.919026645433252
96 7.545457440844929
97 7.68238251153684
98 7.7707747265652145
99 7.502190795164775
