0 3.7048871905011076
1 3.418431112112407
2 3.7006488391430747
3 3.2863033983637235
4 3.9540176809115617
5 4.889908352942186
6 4.606522818678042
7 3.446857220423595
8 3.218605424046966
9 3.0926429339505557
10 5.316780201111601
11 4.452113130977907
12 3.6365105254028567
13 3.1847510579173446
14 2.987255735019613
15 3.4800628024843023
16 6.7325751159364495
17 3.8889762320640364
18 3.87438669084672
19 3.7398453090886936
20 3.8677456584980963
21 3.5694188403608433
22 3.8831814811947156
23 3.3715697746634237
24 3.738747184486776
25 3.875726192458975
26 4.581835338463096
27 4.312648748849293
28 3.7174592771465687
29 4.816374404241072
30 5.69006605380985
31 5.978299165398769
32 5.6044721575697
33 5.3110169844421335
34 5.51905096951225
35 5.6378766261146
36 5.450844537697419
37 4.972928155411714
38 5.433315999254136
39 5.749070138549455
40 5.7470840196776365
41 5.504751718291167
42 5.442657832138543
43 5.102858926298721
44 5.362057109940642
45 4.941045675455374
46 5.82071182075439
47 5.794166165063513
48 6.115868036512246
49 6.520258067213815
50 7.728191911173067
51 7.701535172840364
52 7.00108286190906
53 5.70390300695806
54 5.8465295438931175
55 6.990430113389966
56 7.6202225772243475
57 6.754449875058488
58 5.577110558251495
59 5.754070683644831
60 8.1274022811673
61 7.136280713810317
62 7.097770035641045
63 7.710422134710266
64 8.508790829809504
65 8.15467102327458
66 7.313880091964741
67 8.101958040189123
68 6.846193150719609
69 7.484578173269421
70 6.214799985279838
71 7.191551743124789
72 5.7369217679339375
73 5.074344225815714
74 5.44542664578777
75 5.541273479602498
76 5.303291095646714
77 5.185407806524009
78 5.703412833236682
79 5.132253133923497
80 5.501163494388216
81 4.830310354538666
82 4.549175331440333
83 5.156892302924248
84 5.324649681906674
85 5.270699468365416
86 6.7235675204383805
87 6.85124541293681
88 5.620710288177781
89 5.308727253926358
90 5.407584872370713
91 5.750538047309546
92 5.344644822066698
93 5.236772021090524
94 5.137355741794004
95 5.139804705831558
96 5.658117342432761
97 5.445375191067182
98 5.364844731148134
99 4.93637579877581
