1 1.6129554510116577
2 1.3025522232055664
3 1.2224345207214355
4 1.087120532989502
5 0.9907185435295105
6 0.872594952583313
7 1.0552819967269897
8 0.9521207809448242
9 1.0014621019363403
10 0.9778133630752563
11 0.9287274479866028
12 1.002394199371338
13 1.0624381303787231
14 1.0431386232376099
15 1.060268759727478
16 1.1058104038238525
17 1.1689438819885254
18 1.1855497360229492
19 1.3201346397399902
20 1.3808807134628296
21 1.4217687845230103
22 1.2880030870437622
23 1.200134515762329
24 1.283531665802002
25 1.2865890264511108
26 1.1469017267227173
27 1.1957603693008423
28 1.0296772718429565
29 1.0084772109985352
30 0.9237913489341736
31 0.9321732521057129
32 0.9533625841140747
33 1.0933940410614014
34 1.1787035465240479
35 1.2789734601974487
36 1.3521190881729126
37 1.3032653331756592
38 1.2717483043670654
39 1.2413394451141357
40 1.236003041267395
41 1.1740881204605103
42 1.13377046585083
43 1.1819998025894165
44 1.3134233951568604
45 1.1873656511306763
46 1.113801121711731
47 1.3120439052581787
48 1.2620923519134521
49 1.2264935970306396
50 1.2858842611312866
51 1.4438295364379883
52 1.4111883640289307
53 1.528279423713684
54 1.4272136688232422
55 1.5003361701965332
56 1.5594995021820068
57 1.4757832288742065
58 1.4242520332336426
59 1.49872624874115
60 1.460508942604065
61 1.4004684686660767
62 1.2682846784591675
63 1.263066053390503
64 1.3736886978149414
65 1.3382718563079834
66 1.4190505743026733
67 1.7544505596160889
68 1.8847084045410156
69 1.4238864183425903
70 1.1743061542510986
71 1.3498976230621338
72 1.296932578086853
73 1.313132405281067
74 1.2241928577423096
75 1.2018440961837769
76 1.1577634811401367
77 1.172416090965271
78 1.1552462577819824
79 1.08682382106781
80 1.2865115404129028
81 1.3588639497756958
82 1.1958247423171997
83 1.2509874105453491
84 1.4424513578414917
85 1.472230076789856
86 1.3302462100982666
87 1.1583698987960815
88 1.061774492263794
89 1.0771499872207642
90 1.076942801475525
91 0.9982688426971436
92 1.0140987634658813
93 1.0442886352539063
94 1.0958462953567505
95 1.159314751625061
96 1.2581520080566406
97 1.2797759771347046
98 1.3927252292633057
99 1.4113229513168335
100 1.304287314414978
101 1.3244609832763672
102 1.249523639678955
103 1.1591031551361084
104 1.0981388092041016
105 1.005735158920288
106 0.9677248001098633
107 0.9500095844268799
108 0.923617422580719
109 0.8543676137924194
110 0.8566564321517944
111 0.8848475217819214
112 0.8926050066947937
113 0.9529848694801331
114 1.0018359422683716
115 1.3467870950698853
116 1.1234403848648071
117 1.0074796676635742
118 0.9131986498832703
119 0.8637055158615112
120 0.8646109700202942
121 0.8673608899116516
122 0.9031776785850525
123 1.0233566761016846
124 1.1122900247573853
125 1.402425765991211
